dim_reduction_level,dims,mae,spearmanr,spearmanr_warning,pearsonr,kendalltau,kendalltau_warning,nr_non_nan,nr_efficient,prop_efficient,iteration
half,25,0.08878481309997259,0.13364207910165288,False,0.07702074667162612,0.11020408163265306,False,50,49,0.98,3
sqrt,7,0.08592999002792684,-0.05941362176309178,False,-0.006154450133179592,-0.047809144373375745,False,50,35,0.7,3
log,3,0.2153094885454577,-0.01786488624519991,False,0.18882259075693997,-0.0034149388838125533,False,50,15,0.3,3
ten_percent,5,0.11656213338058757,-0.07835505259551141,False,0.10231927082722553,-0.06956008641012809,False,50,24,0.48,3
original,50,0.07295125041899113,,True,,,True,50,50,1.0,3
half,25,0.07659448577645707,0.03464794643376186,False,-0.005086204232094349,0.028571428571428574,False,50,49,0.98,13
sqrt,7,0.0716031888868017,0.21097585022300241,False,0.21164267174685414,0.15908634400649976,False,50,33,0.66,13
log,3,0.25806388247573625,-0.14092491726421083,False,-0.0237368869308379,-0.10545332059955226,False,50,13,0.26,13
ten_percent,5,0.09030098670592639,0.20458280268018755,False,0.24191834337756385,0.14110067622541972,False,50,27,0.54,13
original,50,0.07684883593355861,,True,,,True,50,50,1.0,13
half,25,0.0722969401384748,,True,,,True,50,50,1.0,9
sqrt,7,0.0935186079265918,-0.17705614700885472,False,-0.13645031719911754,-0.13659755535250212,False,50,35,0.7,9
log,3,0.31108197565259393,-0.3189235778925383,False,-0.2911705965441398,-0.21519915505561438,False,50,6,0.12,9
ten_percent,5,0.1292308463089909,-0.09687811691179654,False,-0.09072357302918255,-0.07371228484185338,False,50,20,0.4,9
original,50,0.0722969401384748,,True,,,True,50,50,1.0,9
half,25,0.07618374946260004,,True,,,True,50,50,1.0,2
sqrt,7,0.07567483395053701,0.18783708336068197,False,0.15852528162932414,0.14798068496521066,False,50,35,0.7,2
log,3,0.18057114078936504,0.047439208540915476,False,0.05050245659451241,0.04657780077916657,False,50,10,0.2,2
ten_percent,5,0.0998010752268266,0.06412107592540545,False,0.017830084754483402,0.042149923667134555,False,50,21,0.42,2
original,50,0.07618374946260004,,True,,,True,50,50,1.0,2
half,25,0.07784791914644373,,True,,,True,50,50,1.0,14
sqrt,7,0.08132390934533426,0.18205655012637173,False,0.2463370531109046,0.13523809523809524,False,50,26,0.52,14
log,3,0.2748062831573449,0.18812719983631887,False,0.19885794192850237,0.12362341605470506,False,50,11,0.22,14
ten_percent,5,0.13891825703496377,0.1745939552258111,False,0.26103737823451095,0.11792786840987923,False,50,19,0.38,14
original,50,0.07784791914644373,,True,,,True,50,50,1.0,14
half,25,0.07888474911299692,,True,,,True,50,50,1.0,1
sqrt,7,0.0882201503397736,0.3260717852415949,False,0.31254290765392434,0.24052284646041733,False,50,28,0.56,1
log,3,0.3724352581541255,-0.03223795256376664,False,-0.03125749122060715,-0.02064547546486,False,50,8,0.16,1
ten_percent,5,0.14314814174071114,0.24189751118242642,False,0.2613202113168339,0.1714032647527434,False,50,20,0.4,1
original,50,0.07888474911299692,,True,,,True,50,50,1.0,1
half,25,0.08618216074133957,,True,,,True,50,50,1.0,6
sqrt,7,0.09418928529427552,0.12786921451738187,False,0.017294844882602176,0.09915431629592715,False,50,28,0.56,6
log,3,0.23001339788323583,0.28432050169255874,False,0.25525356471615496,0.19993949585675105,False,50,13,0.26,6
ten_percent,5,0.1213112923851874,0.16073222939832976,False,0.04679150039407719,0.11036867043740323,False,50,24,0.48,6
original,50,0.08618216074133957,,True,,,True,50,50,1.0,6
half,25,0.07067572176422302,,True,,,True,50,50,1.0,0
sqrt,7,0.07062702363186026,0.27411502351702577,False,0.3436131189650316,0.20886846526023436,False,50,33,0.66,0
log,3,0.3308039751121087,0.14738320274577407,False,0.1932033644376826,0.11192930913061135,False,50,11,0.22,0
ten_percent,5,0.12148458984679376,0.17992123169605642,False,0.26638006437329564,0.1449969096446974,False,50,22,0.44,0
original,50,0.07067572176422302,,True,,,True,50,50,1.0,0
half,25,0.06786411162405223,,True,,,True,50,50,1.0,10
sqrt,7,0.0728433016737804,0.15354910635779356,False,0.19357920637990406,0.11814898930363048,False,50,31,0.62,10
log,3,0.380747139788009,0.1255470676742672,False,0.12084336607629212,0.07246050965424668,False,50,7,0.14,10
ten_percent,5,0.1434572145528867,0.11732028975270198,False,0.09936922778246009,0.0924355298984946,False,50,22,0.44,10
original,50,0.06786411162405223,,True,,,True,50,50,1.0,10
half,25,0.0729130329956276,,True,,,True,50,50,1.0,12
sqrt,7,0.09602356198676607,0.08489846298899116,False,0.03762029197249306,0.06571812317348316,False,50,27,0.54,12
log,3,0.2509056308218144,0.1427362230409789,False,0.046031113108487114,0.10322748562837676,False,50,12,0.24,12
ten_percent,5,0.14782949374194534,0.25124736923159857,False,0.1887643997417784,0.16721115670057504,False,50,19,0.38,12
original,50,0.0729130329956276,,True,,,True,50,50,1.0,12
half,25,0.07169615338177439,-0.07424559950091826,False,-0.10218753791615438,-0.061224489795918366,False,50,49,0.98,11
sqrt,7,0.07819080413990319,0.20106983018657693,False,0.15757219035928835,0.1447631441187411,False,50,29,0.58,11
log,3,0.18816227469451208,0.4054622855712322,False,0.336895970947521,0.30204762578039074,False,50,14,0.28,11
ten_percent,5,0.12082142457731589,0.2258051618774726,False,0.18617376729338778,0.16855890746196073,False,50,22,0.44,11
original,50,0.07833268593674872,0.09404442603449646,False,0.055173856036500976,0.07755102040816327,False,50,49,0.98,11
half,25,0.07714367474756628,0.11384325256807468,False,0.08049562796067382,0.09387755102040816,False,50,49,0.98,8
sqrt,7,0.08062350790498671,0.14578682461510675,False,0.06669934063334507,0.1024429567116061,False,50,27,0.54,8
log,3,0.17616414344372214,0.28005106731826934,False,0.24600160417575997,0.1900524386932796,False,50,14,0.28,8
ten_percent,5,0.10963143560512612,0.17879051754142236,False,0.17976310493843717,0.1174817021360559,False,50,21,0.42,8
original,50,0.07803878619366585,,True,,,True,50,50,1.0,8
half,25,0.08621575885373285,,True,,,True,49,49,1.0,5
sqrt,7,0.10808949710268898,-0.24332539342376827,False,-0.26096600877149534,-0.1739962915736369,False,50,22,0.44,5
log,3,0.3092423102539985,-0.11812563215529416,False,-0.05083504964268551,-0.0883626349896008,False,50,8,0.16,5
ten_percent,5,0.13464473253162532,-0.1569236557575011,False,-0.22396275425713932,-0.10646194436763741,False,50,18,0.36,5
original,50,0.08760929410267865,,True,,,True,49,49,1.0,5
half,25,0.06887085869701762,,True,,,True,50,50,1.0,4
sqrt,7,0.08763919114603838,0.10587196566826922,False,0.08969127631578316,0.05497867241185392,False,49,26,0.5306122448979592,4
log,3,0.3352119386366975,0.11504984218823405,False,0.12184705663004629,0.08865940370076335,False,50,9,0.18,4
ten_percent,5,0.14048731962666983,0.08981121286755812,False,0.1108944983172395,0.05976143046671968,False,50,15,0.3,4
original,50,0.06887085869701762,,True,,,True,50,50,1.0,4
half,25,0.08173366737049793,,True,,,True,50,50,1.0,7
sqrt,7,0.09137739699037278,-0.1254495448962574,False,-0.16802458165713438,-0.08254463587335199,False,50,24,0.48,7
log,3,0.2974654311731932,0.28601130713935624,False,0.23897547191382554,0.20963391716161803,False,50,9,0.18,7
ten_percent,5,0.14810561662908037,-0.0407436233984532,False,-0.1024365403333604,-0.03585685828003181,False,50,15,0.3,7
original,50,0.08213932467127535,,True,,,True,47,47,1.0,7
half,25,0.0668392849448194,,True,,,True,50,50,1.0,17
sqrt,7,0.06713355170326739,0.2126360788509037,False,0.22774152671951303,0.167895932168317,False,50,31,0.62,17
log,3,0.17101940675432778,0.1744007340165089,False,0.16593823016038858,0.12047967095734687,False,50,14,0.28,17
ten_percent,5,0.0941583373881854,0.07914440819614516,False,0.05660168174366885,0.05218792134364839,False,50,27,0.54,17
original,50,0.08575865346557945,-0.11384325256807468,False,-0.12002865793102316,-0.09387755102040816,False,50,49,0.98,17
half,25,0.08111519285721698,,True,,,True,50,50,1.0,16
sqrt,7,0.10063049942805868,-0.03096353315297173,False,-0.17130496872339857,-0.018297464579095372,False,50,30,0.6,16
log,3,0.2436769949202114,-0.09049125450335198,False,-0.0850678130596701,-0.04491430789419633,False,50,10,0.2,16
ten_percent,5,0.14488859967469442,0.05389837856875566,False,-0.03563009424862158,0.04351689105121464,False,50,20,0.4,16
original,50,0.08211041944838138,,True,,,True,49,49,1.0,16
half,25,0.06791792058142854,,True,,,True,50,50,1.0,15
sqrt,7,0.10352736508152034,-0.01696543416799172,False,-0.019581640465354246,-0.004991832555818658,False,50,29,0.58,15
log,3,0.24525444411814512,0.04899900124040638,False,0.06483218526368836,0.03508232077228116,False,50,11,0.22,15
ten_percent,5,0.12285846596616917,0.10693499276898355,False,0.052130633225088846,0.07981581290159523,False,50,21,0.42,15
original,50,0.06791792058142854,,True,,,True,50,50,1.0,15
half,25,0.07409770886482558,,True,,,True,50,50,1.0,25
sqrt,7,0.0855569575288229,0.08217836435964579,False,0.10937783475097344,0.05605369329502975,False,50,27,0.54,25
log,3,0.2883673359598255,0.11225543780786203,False,0.03212466140671462,0.0635880644317688,False,50,8,0.16,25
ten_percent,5,0.16413256046344799,0.0888527653327395,False,0.08266785703684328,0.06864458011918344,False,50,19,0.38,25
original,50,0.07409770886482558,,True,,,True,50,50,1.0,25
half,25,0.077924479085426,,True,,,True,50,50,1.0,22
sqrt,7,0.09619232026412496,-0.10225313386092093,False,-0.14943319030674249,-0.07145017680448293,False,50,36,0.72,22
log,3,0.22056222797229075,0.036790419498667716,False,0.04670613389406271,0.0354978354978355,False,50,17,0.34,22
ten_percent,5,0.13085044674486088,0.004071931148816544,False,-0.08872697024735397,0.0009817259039200707,False,50,28,0.56,22
original,50,0.077924479085426,,True,,,True,50,50,1.0,22
half,25,0.09459068413977294,-0.10206207261596574,False,-0.12062573804015538,-0.08417937871268423,False,49,48,0.9795918367346939,20
sqrt,7,0.09837314272429888,-0.09806402273625711,False,-0.1836997871846777,-0.07560539239387956,False,49,33,0.673469387755102,20
log,3,0.1990226548126248,-0.1287948952753064,False,-0.18026532306004925,-0.10743872099931909,False,50,16,0.32,20
ten_percent,5,0.1443776751605641,-0.22817852840371902,False,-0.296480003843009,-0.18328579974273834,False,50,23,0.46,20
original,50,0.07651639602256863,,True,,,True,50,50,1.0,20
half,25,0.06895693444291404,,True,,,True,49,49,1.0,21
sqrt,7,0.10082406023938638,0.14077658698249743,False,0.07773442438203546,0.12000000000000001,False,50,26,0.52,21
log,3,0.3326599901925186,0.3428863039391802,False,0.36525679333433575,0.24867129449525566,False,50,7,0.14,21
ten_percent,5,0.1515161728686436,0.04993337729371853,False,0.032733616348637605,0.05456364060755606,False,50,19,0.38,21
original,50,0.0677578931669084,,True,,,True,50,50,1.0,21
half,25,0.0641748886608914,,True,,,True,50,50,1.0,27
sqrt,7,0.0778933051430009,0.021401147392755893,False,0.044217814341475606,0.006218367858085815,False,50,31,0.62,27
log,3,0.1871415319048009,-0.01762033049531855,False,0.023759974331034682,-0.006682346813767841,False,50,11,0.22,27
ten_percent,5,0.11382349684294507,-0.019356008057281146,False,-0.04790480418815016,-0.014662863979419067,False,50,23,0.46,27
original,50,0.0641748886608914,,True,,,True,50,50,1.0,27
half,25,0.07896088450247342,,True,,,True,50,50,1.0,19
sqrt,7,0.08053849907923352,0.0654160520084232,False,0.024060494262777607,0.07619047619047618,False,50,26,0.52,19
log,3,0.1813269694030591,0.03557858513712266,False,0.08217410545219614,0.041764667586049006,False,50,11,0.22,19
ten_percent,5,0.10567777128718397,0.022571269459178405,False,0.065005524991338,0.029921996462208163,False,50,19,0.38,19
original,50,0.07896088450247342,,True,,,True,50,50,1.0,19
half,25,0.06045368352446795,,True,,,True,50,50,1.0,28
sqrt,7,0.08875256144737045,-0.10678567375151463,False,-0.0971919152438511,-0.08083878215511558,False,50,31,0.62,28
log,3,0.3015526003097771,-0.015266136447748093,False,-0.06644069903874081,-0.0058001479056574165,False,50,9,0.18,28
ten_percent,5,0.12486053722070528,0.04515920133267855,False,-0.026536300737387896,0.03497546857485634,False,50,21,0.42,28
original,50,0.06045368352446795,,True,,,True,50,50,1.0,28
half,25,0.0896689891576488,,True,,,True,50,50,1.0,24
sqrt,7,0.10149817341854384,0.07225288404730827,False,0.13664924762331332,0.05714285714285714,False,50,26,0.52,24
log,3,0.25469631515282587,0.1596112033395228,False,0.18352069008370742,0.09483500712200468,False,50,12,0.24,24
ten_percent,5,0.13980217179590362,0.1307355585523966,False,0.1466774380203175,0.07920528475290396,False,50,19,0.38,24
original,50,0.0896689891576488,,True,,,True,50,50,1.0,24
half,25,0.07365977127200743,,True,,,True,50,50,1.0,23
sqrt,7,0.08121584509867136,0.46018110203898127,False,0.34035246910161937,0.3426223404681047,False,50,28,0.56,23
log,3,0.2695285557590299,0.3568961735668221,False,0.31364641367873813,0.24724683210941012,False,50,11,0.22,23
ten_percent,5,0.12574516893855103,0.35279338675472943,False,0.30257856632777047,0.2516967937703392,False,50,19,0.38,23
original,50,0.07365977127200743,,True,,,True,50,50,1.0,23
half,25,0.07570727587244916,,True,,,True,50,50,1.0,18
sqrt,7,0.11410465081848985,0.012199351326952004,False,-0.0065952005705399155,0.007040469755813685,False,50,19,0.38,18
log,3,0.3649711397829962,0.13620093727357646,False,0.14329639464411129,0.08870804864887921,False,50,6,0.12,18
ten_percent,5,0.1601154376795779,0.06685685154252026,False,0.11825807023884946,0.04921000644736703,False,50,14,0.28,18
original,50,0.09326644942002049,-0.024748533166972755,False,-0.04125775361403355,-0.02040816326530612,False,50,49,0.98,18
half,25,0.08479653154579561,,True,,,True,50,50,1.0,26
sqrt,7,0.1017398529065766,-0.009760833568362366,False,-0.0023627088814862853,0.0020330516198994856,False,50,30,0.6,26
log,3,0.2599820978379928,0.04555899600728163,False,0.04692167015290483,0.02162540750461305,False,50,10,0.2,26
ten_percent,5,0.1348453652425115,0.052007760920163806,False,0.02000047723380153,0.04048270109592869,False,50,19,0.38,26
original,50,0.08508703942268918,,True,,,True,48,48,1.0,26
half,25,0.07726871898842022,,True,,,True,50,50,1.0,29
sqrt,7,0.08364831072820827,0.012129542583237136,False,-0.026069878507026828,0.013756613756613757,False,50,32,0.64,29
log,3,0.2257536775595013,-0.0630515023189148,False,-0.04628450191252328,-0.04783712748632094,False,50,12,0.24,29
ten_percent,5,0.11983148011364615,-0.055472366357182584,False,-0.058688099621569685,-0.03806168878173307,False,50,22,0.44,29
original,50,0.07726871898842022,,True,,,True,50,50,1.0,29
half,25,0.06856392757886332,,True,,,True,50,50,1.0,30
sqrt,7,0.09218365737800678,0.14730238268146115,False,0.0795243201065514,0.10568387826723556,False,50,20,0.4,30
log,3,0.22476920250250967,0.09757995193928169,False,0.10526608752369938,0.052026598171447204,False,50,8,0.16,30
ten_percent,5,0.1292140788093376,0.0691332720658961,False,0.007059508920243046,0.04383499816772218,False,50,16,0.32,30
original,50,0.06856392757886332,,True,,,True,50,50,1.0,30
half,25,0.12964527332011416,-0.09166013183701771,False,-0.0781040508043609,-0.07689582798792112,False,50,46,0.92,31
sqrt,7,0.10883185120504064,-0.03093610028646335,False,0.06733626275515729,-0.020616243982321484,False,50,28,0.56,31
log,3,0.29876088981093335,-0.026438829368497483,False,0.1015318690928667,-0.019057628832874367,False,50,9,0.18,31
ten_percent,5,0.14689219337879542,0.12259438287956574,False,0.15606671230410155,0.09712460378338444,False,50,16,0.32,31
original,50,0.10706517957738554,0.19303855870238745,False,0.19226462790733942,0.15918367346938775,False,50,49,0.98,31
half,25,0.07801635793126892,,True,,,True,50,50,1.0,41
sqrt,7,0.08637564715837343,0.23576002662261952,False,0.25237831605625377,0.17567206072058178,False,50,25,0.5,41
log,3,0.26348277990122076,0.09251475097093674,False,0.10671733908968793,0.07392337387406601,False,50,6,0.12,41
ten_percent,5,0.1331003187819184,0.3063665455579541,False,0.310865839491002,0.2307779612704109,False,50,14,0.28,41
original,50,0.07801635793126892,,True,,,True,50,50,1.0,41
half,25,0.06834543385340554,-0.17323973216880925,False,-0.15388085888937253,-0.14285714285714285,False,50,49,0.98,32
sqrt,7,0.08447576886679163,0.09794261245507983,False,0.18389769064057307,0.0616236865989964,False,50,22,0.44,32
log,3,0.24158005249860867,-0.06870007334431358,False,0.03998504954490799,-0.03826033635431539,False,50,10,0.2,32
ten_percent,5,0.1578770581109461,0.022440633675850568,False,0.05517971103755581,0.0068298777676251065,False,50,15,0.3,32
original,50,0.06135125401232045,,True,,,True,50,50,1.0,32
half,25,0.06799988513811513,,True,,,True,50,50,1.0,40
sqrt,7,0.09539587430798288,-0.11931817256801527,False,-0.08219180389956587,-0.09084564085746201,False,50,27,0.54,40
log,3,0.302306007239299,0.0928970889832999,False,0.14231756447829796,0.06048725673042734,False,50,9,0.18,40
ten_percent,5,0.15734009032562224,-0.024715831056390712,False,-0.06299197070917709,-0.007992898356345547,False,50,20,0.4,40
original,50,0.06799988513811513,,True,,,True,50,50,1.0,40
half,25,0.08677838457489143,,True,,,True,50,50,1.0,35
sqrt,7,0.0988173323786344,-0.0029085222491546736,False,0.05036474135992546,-0.002945177711760212,False,50,28,0.56,35
log,3,0.22540290253858902,0.025288294258276414,False,0.05246223976325396,0.009231726357009305,False,50,12,0.24,35
ten_percent,5,0.14174840356826018,-0.03906578127487814,False,0.009894832684657627,-0.0329914439536929,False,50,23,0.46,35
original,50,0.08677838457489143,,True,,,True,50,50,1.0,35
half,25,0.06916747898099429,,True,,,True,49,49,1.0,33
sqrt,7,0.08223723167530789,0.1336862590156912,False,0.18842275329695088,0.09522741268024686,False,50,28,0.56,33
log,3,0.2571203009663883,0.19229552945065656,False,0.2159576871738872,0.12346029113470786,False,50,9,0.18,33
ten_percent,5,0.12979181565340123,0.09764586449985325,False,0.11353274514715074,0.061025193527613236,False,50,16,0.32,33
original,50,0.09095801434983805,-0.23263621176954388,False,-0.17288323758560734,-0.19183673469387755,False,50,49,0.98,33
half,25,0.07757467343745397,,True,,,True,50,50,1.0,42
sqrt,7,0.08924390487657136,-0.030184115184092412,False,-0.019145293911646197,-0.02433862433862434,False,50,32,0.64,42
log,3,0.20161501017937755,-0.044668339447435465,False,-0.06700392601361876,-0.035634832254989916,False,50,14,0.28,42
ten_percent,5,0.12725906654460492,0.02265626926900752,False,0.005242872660021688,0.010202146006818786,False,50,24,0.48,42
original,50,0.07757467343745397,,True,,,True,50,50,1.0,42
half,25,0.07966490733916863,0.004949706633394551,False,-0.03375543853392157,0.004081632653061224,False,50,49,0.98,37
sqrt,7,0.10310248451857235,0.13939753906857674,False,0.06258614522496739,0.09522741268024686,False,50,28,0.56,37
log,3,0.2807938266132089,0.022332893385631207,False,-0.04169836445397624,-0.007592639083167761,False,50,13,0.26,37
ten_percent,5,0.17034061155528682,0.07581378253794059,False,-0.016815544810301227,0.04048270109592869,False,50,19,0.38,37
original,50,0.08083992595944878,,True,,,True,50,50,1.0,37
half,25,0.08296139110670082,,True,,,True,50,50,1.0,38
sqrt,7,0.09059448967823133,0.006163507671419129,False,0.005648179132054089,0.007619047619047619,False,50,26,0.52,38
log,3,0.26530192341788167,-0.046109511416110686,False,-0.010716497968862109,-0.033551655935963424,False,50,4,0.08,38
ten_percent,5,0.11939051960782583,0.15844742432731798,False,0.11944409088284937,0.1178153914915331,False,50,15,0.3,38
original,50,0.08404545313630704,,True,,,True,49,49,1.0,38
half,25,0.09057293671940181,-0.2128373852359657,False,-0.176733403339549,-0.17551020408163268,False,50,49,0.98,39
sqrt,7,0.09234991161902759,0.09766200271130404,False,0.07166506474638126,0.07538255305193657,False,50,27,0.54,39
log,3,0.2999455956988109,0.024667041638031056,False,0.06807586639358583,0.03128976553251561,False,50,7,0.14,39
ten_percent,5,0.11860259573235563,0.1270134521679252,False,0.05702498344685982,0.09163242579854551,False,50,14,0.28,39
original,50,0.08391252555593548,,True,,,True,50,50,1.0,39
half,25,0.07135557128270315,,True,,,True,50,50,1.0,34
sqrt,7,0.0882733395964774,-0.0027389289704083854,False,0.005646839864857844,-0.0010582010582010583,False,50,32,0.64,34
log,3,0.240491115537626,0.07414786863407317,False,0.12620057448748015,0.04491430789419633,False,50,10,0.2,34
ten_percent,5,0.12084388286774392,0.2048220075932285,False,0.20330673019752343,0.15532972211015947,False,50,18,0.36,34
original,50,0.07135557128270315,,True,,,True,50,50,1.0,34
half,25,0.08087364098852738,,True,,,True,50,50,1.0,36
sqrt,7,0.08121974902732586,-0.13102522732330002,False,-0.1848107812204675,-0.09968537538072947,False,50,22,0.44,36
log,3,0.3452009798127898,-0.2513517649755839,False,-0.2898747896980533,-0.17248787237282068,False,50,6,0.12,36
ten_percent,5,0.15111317250677422,-0.05826461679010148,False,-0.12464919294147567,-0.03776615327867443,False,50,12,0.24,36
original,50,0.08046631092534201,,True,,,True,47,47,1.0,36
half,25,0.07164235419358005,,True,,,True,50,50,1.0,44
sqrt,7,0.08902270375732645,0.13556329856528154,False,0.11328943917739831,0.11554900250605112,False,50,25,0.5,44
log,3,0.32948309261989456,-0.06467284795936017,False,-0.16699064897769503,-0.04940489294607728,False,50,7,0.14,44
ten_percent,5,0.1659963118941765,0.24679054281881987,False,0.13675768749606274,0.212329706211214,False,50,12,0.24,44
original,50,0.07164235419358005,,True,,,True,50,50,1.0,44
half,25,0.06877221122876599,,True,,,True,49,49,1.0,43
sqrt,7,0.07567212577795242,0.2500623112404332,False,0.11189101095969173,0.17333333333333334,False,50,26,0.52,43
log,3,0.24052139344240836,0.0700468480786499,False,0.023376398239785864,0.05345877451014273,False,50,11,0.22,43
ten_percent,5,0.1389482231042278,-0.03640049363548028,False,-0.13776592103057508,-0.02640176158430132,False,50,19,0.38,43
original,50,0.06790846360310701,,True,,,True,50,50,1.0,43
half,25,0.06652469464397293,,True,,,True,50,50,1.0,45
sqrt,7,0.11622270567175563,0.0078727156811404,False,-0.08790628681292441,-0.0019047619047619048,False,50,26,0.52,45
log,3,0.3185843273293435,0.21175142574368566,False,0.1666628496736388,0.13340340183012056,False,50,9,0.18,45
ten_percent,5,0.18678129229000087,0.2286413370400653,False,0.15400509166084286,0.15537971921347118,False,50,15,0.3,45
original,50,0.06652469464397293,,True,,,True,50,50,1.0,45
half,25,0.07619383529923202,,True,,,True,50,50,1.0,46
sqrt,7,0.07682420500440029,0.22082097898955336,False,0.28912022699114565,0.17297068858598275,False,50,34,0.68,46
log,3,0.17840801732389483,0.2133563934951259,False,0.19348959117269496,0.16220959698109627,False,50,15,0.3,46
ten_percent,5,0.10497092017257977,0.17509850884578934,False,0.16298443162859091,0.13824751015316503,False,50,30,0.6,46
original,50,0.07649896913090451,,True,,,True,49,49,1.0,46
half,25,0.07235557939295445,,True,,,True,50,50,1.0,47
sqrt,7,0.09443520128080504,0.22612438431609794,False,0.20710059092281374,0.16002132233897154,False,50,28,0.56,47
log,3,0.28707718867752624,0.15687722011396235,False,0.15761632235298853,0.09814608021324382,False,50,10,0.2,47
ten_percent,5,0.14429170147855397,0.26252216376930587,False,0.3416507302563393,0.18563902551269904,False,50,21,0.42,47
original,50,0.07235557939295445,,True,,,True,50,50,1.0,47
half,25,0.07028313813091716,,True,,,True,50,50,1.0,48
sqrt,7,0.08568795739961897,-0.07762729812642304,False,-0.09494969800778265,-0.04974694286468652,False,50,31,0.62,48
log,3,0.2096979631154716,-0.20368969114366656,False,-0.23546131128848988,-0.134742923682589,False,50,10,0.2,48
ten_percent,5,0.11619756870130057,-0.11591693336553842,False,-0.14997589671604453,-0.07622858535545611,False,50,21,0.42,48
original,50,0.07028313813091716,,True,,,True,50,50,1.0,48
half,25,0.07771292958871587,,True,,,True,50,50,1.0,55
sqrt,7,0.09563057735884342,0.16420560095052467,False,0.13240487614061705,0.11367015693684704,False,50,25,0.5,55
log,3,0.22829661522338568,0.13871942871841675,False,0.1730700188035414,0.0734978926549016,False,50,8,0.16,55
ten_percent,5,0.12211601069530763,0.3145173295540273,False,0.31649167082423785,0.2122989126946545,False,50,16,0.32,55
original,50,0.07771292958871587,,True,,,True,50,50,1.0,55
half,25,0.07169966431585116,,True,,,True,50,50,1.0,51
sqrt,7,0.08474371280050132,0.13644337993401776,False,0.13617620340716843,0.10476190476190476,False,50,32,0.64,51
log,3,0.2776658274690537,0.02025964683406848,False,0.050608286352366035,0.010910222058283724,False,50,12,0.24,51
ten_percent,5,0.1432065452068228,0.1699588905917402,False,0.12047606948166321,0.1301329178173442,False,50,23,0.46,51
original,50,0.08832447250242514,0.08414501276770736,False,0.02896923603161931,0.06938775510204082,False,50,49,0.98,51
half,25,0.07891514308816765,,True,,,True,50,50,1.0,50
sqrt,7,0.08734863724402121,-0.16422394520530278,False,-0.23592463684199627,-0.1343915343915344,False,50,32,0.64,50
log,3,0.16473666365201267,0.03924889970004636,False,0.04528616049734247,0.012428888369265891,False,50,9,0.18,50
ten_percent,5,0.10198139955971715,-0.0810460675348782,False,-0.13100812139305518,-0.059306173991624134,False,50,16,0.32,50
original,50,0.07891514308816765,,True,,,True,50,50,1.0,50
half,25,0.07886050188070538,,True,,,True,50,50,1.0,49
sqrt,7,0.08064323845953225,0.1122040684604966,False,0.09070403582053584,0.08504698293038997,False,50,27,0.54,49
log,3,0.2171870041214325,0.06380956086203855,False,0.09513956889208297,0.05054414603501462,False,50,9,0.18,49
ten_percent,5,0.10031617443932679,0.23525383161003588,False,0.3147122729281931,0.16862293576331927,False,50,23,0.46,49
original,50,0.07886050188070538,,True,,,True,50,50,1.0,49
half,25,0.08746965177081492,-0.03464794643376186,False,-0.0652884607739972,-0.028571428571428574,False,50,49,0.98,57
sqrt,7,0.09832662724977376,0.12575207247240183,False,0.15941256908200296,0.09555342613527583,False,50,30,0.6,57
log,3,0.329724062729497,-0.10691691041667696,False,-0.10783865682099346,-0.0750827642668812,False,50,13,0.26,57
ten_percent,5,0.15023876049626478,0.010009406747531202,False,0.05519527832995579,0.012212496199826542,False,50,25,0.5,57
original,50,0.06926004715386752,,True,,,True,50,50,1.0,57
half,25,0.07558632719036985,,True,,,True,50,50,1.0,56
sqrt,7,0.09071207246700923,0.03897064382427504,False,0.11313065066989744,0.01739597378121613,False,50,27,0.54,56
log,3,0.2895774004247075,0.14709047282350926,False,0.12360495651236585,0.11977148771785687,False,50,10,0.2,56
ten_percent,5,0.14216775124580358,0.09373127166211127,False,0.07506650738331268,0.057594166625115316,False,50,18,0.36,56
original,50,0.07558632719036985,,True,,,True,50,50,1.0,56
half,25,0.07437104546414805,0.20293797196917657,False,0.22833919203783898,0.1673469387755102,False,50,49,0.98,58
sqrt,7,0.09050835233012934,0.10661174797595899,False,0.034147512456657085,0.06956008641012809,False,50,24,0.48,58
log,3,0.2653818252763685,0.10352244360797284,False,0.07930611547931782,0.0696575716028884,False,50,12,0.24,58
ten_percent,5,0.126969643548522,0.23820838643679965,False,0.29996136849829796,0.15841056950580792,False,50,19,0.38,58
original,50,0.07448914447902592,,True,,,True,50,50,1.0,58
half,25,0.06878687369451943,,True,,,True,50,50,1.0,52
sqrt,7,0.08568987187645721,-0.12445062799662017,False,-0.1706338997092712,-0.09555342613527583,False,50,30,0.6,52
log,3,0.3972504964352067,0.04725025286211766,False,-0.0290554453962631,0.045420046022692,False,50,8,0.16,52
ten_percent,5,0.1527203750296614,-0.11219509831033136,False,-0.1838119922164952,-0.061025193527613236,False,50,16,0.32,52
original,50,0.08852812829508404,-0.02041241452319315,False,-0.06009125265014703,-0.016835875742536845,False,49,48,0.9795918367346939,52
half,25,0.07037289823761304,,True,,,True,50,50,1.0,54
sqrt,7,0.09114048422501492,0.08716960849578483,False,0.026542776421791946,0.07238095238095238,False,50,26,0.52,54
log,3,0.2754143956818484,-0.04574135060866059,False,-0.03173661077666602,-0.01594570916210698,False,50,12,0.24,54
ten_percent,5,0.17347204156460871,0.05743868064079012,False,0.02311387573295808,0.05061305551904074,False,50,18,0.36,54
original,50,0.07037289823761304,,True,,,True,50,50,1.0,54
half,25,0.08225088307197796,,True,,,True,50,50,1.0,53
sqrt,7,0.08434383202956607,0.2666208490086501,False,0.075500163419196,0.1980664552611281,False,50,35,0.7,53
log,3,0.210630397517812,0.39502330212478814,False,0.4174245823474497,0.27661004958881685,False,50,15,0.3,53
ten_percent,5,0.11604055213274533,0.19452030029366876,False,0.13829380552614753,0.13929720780448113,False,50,23,0.46,53
original,50,0.08181963744938733,,True,,,True,49,49,1.0,53
half,25,0.0684768236414731,,True,,,True,50,50,1.0,59
sqrt,7,0.10506211991655193,0.07191540330420645,False,0.12660967435231799,0.036657159948547666,False,50,23,0.46,59
log,3,0.2729194017000742,0.210942065730676,False,0.2444764114555073,0.14782160432839758,False,50,8,0.16,59
ten_percent,5,0.17542463408220432,0.12719604293925713,False,0.09957857524720878,0.09049588042103265,False,50,15,0.3,59
original,50,0.0684768236414731,,True,,,True,50,50,1.0,59
half,25,0.07613857006564514,,True,,,True,50,50,1.0,60
sqrt,7,0.0783337729718136,0.17288319173050878,False,0.08301584441971066,0.13143624634696632,False,50,27,0.54,60
log,3,0.3554223980303066,0.16911108273090683,False,0.1814707529196117,0.11033759424623928,False,50,7,0.14,60
ten_percent,5,0.13938568751390143,0.1608545745536453,False,0.1483231381783424,0.10181380644282834,False,50,14,0.28,60
original,50,0.09378686287883255,-0.04454735970055096,False,-0.05768008443589256,-0.03673469387755102,False,50,49,0.98,60
half,25,0.09493963034905722,0.06434618623412916,False,0.041914565447583776,0.05306122448979592,False,50,49,0.98,62
sqrt,7,0.09657697802451165,0.07655180116266784,False,0.031006170645077158,0.05714285714285714,False,50,26,0.52,62
log,3,0.2529903131637437,0.17346165887216855,False,0.21943015804032912,0.12808895214270805,False,50,10,0.2,62
ten_percent,5,0.1339930279027216,0.07916734999572574,False,0.07488747967215212,0.05981122522843768,False,50,22,0.44,62
original,50,0.08996002071633874,,True,,,True,50,50,1.0,62
half,25,0.06303634685621837,0.18313914543559837,False,0.17768740570199487,0.1510204081632653,False,50,49,0.98,61
sqrt,7,0.08308694420331292,0.2652777656468261,False,0.24021774057234774,0.2012721103700491,False,50,30,0.6,61
log,3,0.19393170269433047,0.10370881235509927,False,0.12623341462624585,0.05800865800865801,False,50,17,0.34,61
ten_percent,5,0.13767607304301188,0.08679952210295006,False,0.1423341250512429,0.059183635429928626,False,50,25,0.5,61
original,50,0.06336890213228134,,True,,,True,50,50,1.0,61
half,25,0.0797543221923964,,True,,,True,50,50,1.0,63
sqrt,7,0.09235775102810777,-0.1097518718969507,False,-0.07449225572192267,-0.07238095238095238,False,50,26,0.52,63
log,3,0.24079555274457196,0.07944295882666949,False,0.11032262156419607,0.06294358879779072,False,50,12,0.24,63
ten_percent,5,0.1314577115646056,0.04696398973626248,False,0.11784256082196332,0.05410361107207802,False,50,18,0.36,63
original,50,0.09647031552454638,0.024748533166972755,False,0.006044863506705868,0.02040816326530612,False,50,49,0.98,63
half,25,0.07046358390151623,0.15344090563523108,False,0.17330127358430114,0.12653061224489795,False,50,49,0.98,64
sqrt,7,0.07759160429586931,0.06956366817228725,False,-0.05653965095765981,0.0597370330660431,False,50,36,0.72,64
log,3,0.2225341160992782,-0.08114649815285659,False,-0.14376841724371744,-0.0571728864986231,False,50,9,0.18,64
ten_percent,5,0.1088032836343322,-0.061094755081158574,False,-0.10400988340775104,-0.0452930906859581,False,50,20,0.4,64
original,50,0.07066682573533646,,True,,,True,50,50,1.0,64
half,25,0.07035300827971372,,True,,,True,50,50,1.0,65
sqrt,7,0.07998198695876352,0.08065866335304694,False,0.1112199845437072,0.056084656084656084,False,50,32,0.64,65
log,3,0.25806720216050877,0.0925429412589744,False,0.21249613563630562,0.055129361213584686,False,50,11,0.22,65
ten_percent,5,0.11422219833391796,0.1231584614870319,False,0.18504471693413985,0.07697982896054176,False,50,24,0.48,65
original,50,0.07035300827971372,,True,,,True,50,50,1.0,65
half,25,0.07468877440915493,,True,,,True,50,50,1.0,67
sqrt,7,0.08559252387004018,0.27138324858562807,False,0.2587578775960525,0.20761243539705118,False,50,25,0.5,67
log,3,0.405871007891603,-0.08123950012714584,False,-0.052588119828073335,-0.054918494009713645,False,50,5,0.1,67
ten_percent,5,0.14991146574512965,0.10090983429509376,False,0.08529326656074578,0.07683612488578245,False,50,15,0.3,67
original,50,0.07468877440915493,,True,,,True,50,50,1.0,67
half,25,0.08936191554046252,,True,,,True,48,48,1.0,68
sqrt,7,0.09680581211009535,0.07829703191841572,False,-0.019239240678626077,0.05739440431835514,False,50,36,0.72,68
log,3,0.20335018485448114,0.2714342768756869,False,0.2655630832339379,0.1881287239496012,False,50,13,0.26,68
ten_percent,5,0.10583153480879151,0.22623897253689876,False,0.14716562715617273,0.16816107988508924,False,50,27,0.54,68
original,50,0.09134131979693401,,True,,,True,49,49,1.0,68
half,25,0.07112197797122756,,True,,,True,50,50,1.0,72
sqrt,7,0.0828583037742316,0.08885273374346929,False,0.03019085134664811,0.07985093669117353,False,50,25,0.5,72
log,3,0.32155765884942417,0.0757626798938551,False,0.17488864719125585,0.07786950643168353,False,50,5,0.1,72
ten_percent,5,0.13429380378956718,0.08007153975469548,False,0.08075700721015278,0.04615863178504652,False,50,12,0.24,72
original,50,0.07112197797122756,,True,,,True,50,50,1.0,72
half,25,0.08344448456862871,,True,,,True,49,49,1.0,69
sqrt,7,0.09791879166214251,-0.24473892671068787,False,-0.30877662889737256,-0.17572893680169266,False,50,28,0.56,69
log,3,0.22163112774530752,-0.151924550330433,False,-0.14358464431054405,-0.11098551372390798,False,50,15,0.3,69
ten_percent,5,0.12273455394307387,-0.18258184513317172,False,-0.17886758389977586,-0.13809514933650013,False,50,25,0.5,69
original,50,0.08234072794421142,,True,,,True,50,50,1.0,69
half,25,0.06782003206333524,,True,,,True,50,50,1.0,66
sqrt,7,0.08783404730241645,0.041403933560541256,False,-0.04192505182275874,0.022175729305895224,False,50,34,0.68,66
log,3,0.3250079084044757,0.00033911117939136327,False,0.048384915893999805,-0.01265439847194627,False,50,13,0.26,66
ten_percent,5,0.12444848510349772,0.06867908548152743,False,0.052585426243355694,0.05142857142857143,False,50,26,0.52,66
original,50,0.06782003206333524,,True,,,True,50,50,1.0,66
half,25,0.08605479803853307,0.09404442603449646,False,0.051515818911943415,0.07755102040816327,False,50,49,0.98,70
sqrt,7,0.07312907182289947,0.47774347657329397,False,0.3612249794218049,0.35565101952708533,False,50,27,0.54,70
log,3,0.23407593250264003,0.40941924090629217,False,0.40010038386079694,0.29235267310234303,False,50,11,0.22,70
ten_percent,5,0.11789050118110841,0.3439788726510543,False,0.3778156450516617,0.2519321305076618,False,50,22,0.44,70
original,50,0.06955073872228157,,True,,,True,50,50,1.0,70
half,25,0.06701905885791937,,True,,,True,50,50,1.0,71
sqrt,7,0.07870244138745665,-0.06368077731552015,False,-0.07947983048718205,-0.05270914682297922,False,50,36,0.72,71
log,3,0.15027548796096518,0.03982677440722686,False,-0.00590621608304464,0.030070560661955282,False,50,11,0.22,71
ten_percent,5,0.09665209082791008,0.021943487763915148,False,0.015811384547335907,0.023186695470042696,False,50,24,0.48,71
original,50,0.06701905885791937,,True,,,True,50,50,1.0,71
half,25,0.07483897637858804,,True,,,True,50,50,1.0,74
sqrt,7,0.0979013428680316,-0.04476727830355441,False,-0.10770743559894734,-0.035481166889432356,False,50,34,0.68,74
log,3,0.26768820795224463,-0.005358511465699613,False,0.0015955480296323135,0.0,False,50,11,0.22,74
ten_percent,5,0.12625129970515922,-0.0880439443655364,False,-0.11227520492312844,-0.050621689590188465,False,50,20,0.4,74
original,50,0.07483897637858804,,True,,,True,50,50,1.0,74
half,25,0.07800785859899588,-0.10394383930128556,False,-0.09574034307521062,-0.08571428571428572,False,50,49,0.98,73
sqrt,7,0.083490249119554,0.1834448953812841,False,0.2240965429979616,0.14826414373394875,False,50,33,0.66,73
log,3,0.2512110348839074,0.1154643337962323,False,0.034718610090522684,0.0865016300184522,False,50,10,0.2,73
ten_percent,5,0.1055456141809355,0.1369489732329358,False,0.1311852068256804,0.1033102981218469,False,50,22,0.44,73
original,50,0.07822150912817113,,True,,,True,50,50,1.0,73
half,25,0.08250409041091761,,True,,,True,50,50,1.0,75
sqrt,7,0.08839401438180489,0.23024999779973848,False,0.09594870323520031,0.17757682195825278,False,50,35,0.7,75
log,3,0.2493833003746382,0.39402353711413857,False,0.37349330187430113,0.27611254285964193,False,50,12,0.24,75
ten_percent,5,0.13375229618663728,0.2288860587243507,False,0.18817181944458833,0.17412150975560142,False,50,23,0.46,75
original,50,0.08250409041091761,,True,,,True,50,50,1.0,75
half,25,0.07556407097047464,-0.10394383930128556,False,-0.12499552173323829,-0.08571428571428572,False,50,49,0.98,77
sqrt,7,0.0879090812414208,-0.0014807022359332887,False,0.009084473935839648,-0.0049086295196003535,False,50,28,0.56,77
log,3,0.211204440146804,0.1682549164713364,False,0.14205658484717257,0.12476196637276757,False,50,10,0.2,77
ten_percent,5,0.09965731019827861,0.005409464786375782,False,0.0386648866008294,-0.006981111106074584,False,50,18,0.36,77
original,50,0.07580190772788929,,True,,,True,50,50,1.0,77
half,25,0.0868608395927475,,True,,,True,50,50,1.0,76
sqrt,7,0.0890461378201358,0.07958774518141426,False,0.01194463576890743,0.0638121837548046,False,50,28,0.56,76
log,3,0.1935889666433662,0.15036879211292212,False,0.16081702407109214,0.11810799483288663,False,50,10,0.2,76
ten_percent,5,0.11100638212397489,0.024052972049496465,False,-0.013943654617683786,0.01232082207267395,False,50,19,0.38,76
original,50,0.0868608395927475,,True,,,True,50,50,1.0,76
half,25,0.06846428514944929,,True,,,True,50,50,1.0,79
sqrt,7,0.08807536645085223,-0.008390657502268058,False,0.10294897077154204,-0.007619047619047619,False,50,26,0.52,79
log,3,0.25640455499862447,0.06265376504265069,False,0.08884241421135175,0.04225822045550403,False,50,9,0.18,79
ten_percent,5,0.1612636556750683,-0.00908106539848635,False,0.0651839230277477,-0.012892646519918288,False,50,16,0.32,79
original,50,0.06876044214453997,,True,,,True,49,49,1.0,79
half,25,0.08458785886629647,,True,,,True,50,50,1.0,78
sqrt,7,0.10129488893261912,-0.09385105798833161,False,-0.11830016071853826,-0.07428571428571429,False,50,26,0.52,78
log,3,0.2924896124935026,0.18401977540718942,False,0.13572759383146077,0.12309847348779734,False,50,10,0.2,78
ten_percent,5,0.13680804898463916,0.052368786210487066,False,0.06081261125974584,0.02510822510822511,False,50,17,0.34,78
original,50,0.08568444108784579,,True,,,True,49,49,1.0,78
half,25,0.07291677001030449,,True,,,True,50,50,1.0,82
sqrt,7,0.08146841500808033,0.0941320390462862,False,0.03779016264266018,0.07669320358305838,False,50,31,0.62,82
log,3,0.18655965093973476,0.11368733785335666,False,0.09659357081991332,0.09188226868930781,False,50,11,0.22,82
ten_percent,5,0.10196992015382884,0.19522783061430046,False,0.14662385602491024,0.13929720780448113,False,50,23,0.46,82
original,50,0.07543453240045021,0.14354149236844196,False,0.14484236228662653,0.11836734693877551,False,50,49,0.98,82
half,25,0.07874179183640097,,True,,,True,50,50,1.0,80
sqrt,7,0.09349521518949347,0.1189721140550334,False,-0.033609631795705634,0.08286442042658973,False,50,29,0.58,80
log,3,0.23218382470141527,-0.005318761698681463,False,-0.11662560634691473,0.004196239253186048,False,50,12,0.24,80
ten_percent,5,0.1276369856359033,0.1255974693418253,False,-0.01529287414718669,0.09237110931308212,False,50,21,0.42,80
original,50,0.07874179183640097,,True,,,True,50,50,1.0,80
half,25,0.08131588482425768,,True,,,True,49,49,1.0,84
sqrt,7,0.08321419507486566,-0.028223106972965997,False,0.05263600884977108,-0.022800682146314654,False,50,31,0.62,84
log,3,0.23354846846424432,0.22417623080210525,False,0.24193450196207777,0.153289623220946,False,50,9,0.18,84
ten_percent,5,0.10182435308033227,0.14310493207594113,False,0.21853244858382434,0.09424499993200688,False,50,18,0.36,84
original,50,0.08043183582722403,,True,,,True,50,50,1.0,84
half,25,0.07181043228000311,,True,,,True,50,50,1.0,81
sqrt,7,0.07994653990727839,0.11782028285429103,False,0.12891760711110312,0.09003869681809545,False,50,38,0.76,81
log,3,0.2342337685962672,0.12047845628574871,False,0.07129234240292721,0.080251063769595,False,50,15,0.3,81
ten_percent,5,0.11956709876328038,0.1809761484415765,False,0.1955109247927161,0.1319657758147716,False,50,23,0.46,81
original,50,0.06936081897850067,0.2227367985027548,False,0.2518702275577357,0.1836734693877551,False,50,49,0.98,81
half,25,0.07908844318390236,,True,,,True,50,50,1.0,83
sqrt,7,0.0989999313905896,0.051014790578754014,False,0.005960774909573628,0.04359098748368027,False,50,24,0.48,83
log,3,0.43928717716390075,0.13286835237679173,False,-0.07209841238302017,0.09814608021324382,False,50,10,0.2,83
ten_percent,5,0.16508002767348307,0.06980871875579427,False,-0.016783800677813696,0.05627705627705628,False,50,17,0.34,83
original,50,0.07908844318390236,,True,,,True,50,50,1.0,83
half,25,0.0865321858552145,,True,,,True,50,50,1.0,85
sqrt,7,0.08305329468679772,-0.049411649735578565,False,-0.014845535627443542,-0.03428571428571428,False,50,26,0.52,85
log,3,0.1970610115287648,-0.16362670100393004,False,-0.15455996328135446,-0.1264254592577378,False,50,10,0.2,85
ten_percent,5,0.11271935805792908,-0.041043161751810185,False,0.020135342009752068,-0.03520234877906842,False,50,19,0.38,85
original,50,0.0865321858552145,,True,,,True,50,50,1.0,85
half,25,0.08521270319352388,,True,,,True,50,50,1.0,86
sqrt,7,0.08870318171550766,0.15035019313423345,False,0.08196328117969197,0.12280148582763468,False,50,23,0.46,86
log,3,0.24449828994946013,0.13541103298457133,False,0.14574890718854888,0.09188226868930781,False,50,11,0.22,86
ten_percent,5,0.11535996851431132,0.10437227452126441,False,0.05116831359072494,0.0808170833808272,False,50,20,0.4,86
original,50,0.08521270319352388,,True,,,True,50,50,1.0,86
half,25,0.07403793010209085,,True,,,True,50,50,1.0,91
sqrt,7,0.08762850668132467,0.14804752605117252,False,0.11776360164061475,0.10778504287348746,False,50,31,0.62,91
log,3,0.21722995124863276,0.06292934600419726,False,0.021546319934157846,0.02952692976787463,False,50,13,0.26,91
ten_percent,5,0.15125716801931557,0.06978209574424758,False,0.0379263272993343,0.03665083330689156,False,50,18,0.36,91
original,50,0.07403793010209085,,True,,,True,50,50,1.0,91
half,25,0.07320679235185085,,True,,,True,50,50,1.0,89
sqrt,7,0.08231646840062572,-0.006475959511381495,False,-0.0025498123363958854,-0.009062306852793588,False,50,22,0.44,89
log,3,0.22591777717659936,-0.039262939241841155,False,0.08956560855580009,0.0140389233161048,False,50,8,0.16,89
ten_percent,5,0.12616519050539307,-0.053754048407169214,False,0.012858750102003363,-0.016330685591896498,False,50,16,0.32,89
original,50,0.07320679235185085,,True,,,True,50,50,1.0,89
half,25,0.06870400235209387,0.03464794643376186,False,0.0042715498209461595,0.028571428571428574,False,50,49,0.98,87
sqrt,7,0.09419009950244764,-0.032065778072859874,False,-0.039964972227156226,-0.01932885975690681,False,50,27,0.54,87
log,3,0.3270936208294088,0.14792748233171077,False,0.16917153494862147,0.07885159879900375,False,50,6,0.12,87
ten_percent,5,0.13135840986615416,0.06951478730840144,False,0.07448732758163704,0.05281385281385281,False,50,17,0.34,87
original,50,0.06740013476958284,,True,,,True,50,50,1.0,87
half,25,0.09468674840524034,,True,,,True,50,50,1.0,88
sqrt,7,0.09426110747688493,-0.033416019449450315,False,0.03845009447351435,-0.014091341769030624,False,50,25,0.5,88
log,3,0.21685438986671773,0.13068009493377347,False,0.09054665137987153,0.07851757506177212,False,50,11,0.22,88
ten_percent,5,0.1290023447193183,0.04506356646668227,False,0.08168927120002394,0.04383499816772218,False,50,16,0.32,88
original,50,0.09468674840524034,,True,,,True,50,50,1.0,88
half,25,0.07066624450326615,-0.18371173070873836,False,-0.16410284270613998,-0.15152288168283162,False,49,48,0.9795918367346939,90
sqrt,7,0.10556626357514183,-0.1991544507330273,False,-0.15192402735312846,-0.1403868042605701,False,50,28,0.56,90
log,3,0.30761451990446953,-0.13920649936821758,False,-0.1062344634865594,-0.09147801571945584,False,50,12,0.24,90
ten_percent,5,0.18457071534650207,-0.12262029550860645,False,-0.13022043903239106,-0.07683612488578245,False,50,15,0.3,90
original,50,0.06983761253333472,,True,,,True,50,50,1.0,90
half,25,0.07242607280543197,,True,,,True,50,50,1.0,93
sqrt,7,0.08178194973886463,-0.17637455986807482,False,-0.24036645249578387,-0.13655402168992267,False,50,37,0.74,93
log,3,0.1746022609515678,-0.18197493070542187,False,-0.2059737520483398,-0.122176567731394,False,50,14,0.28,93
ten_percent,5,0.1024226438906454,-0.08697594205166997,False,-0.09271526936370307,-0.06688446268023,False,50,19,0.38,93
original,50,0.07242607280543197,,True,,,True,50,50,1.0,93
half,25,0.07285910813915322,,True,,,True,50,50,1.0,92
sqrt,7,0.08353939756815083,-0.36720343101635683,False,-0.24411556622902386,-0.275471736627546,False,50,35,0.7,92
log,3,0.1269896460812597,-0.24932714969932013,False,-0.21559725107541153,-0.1745277776518646,False,50,18,0.36,92
ten_percent,5,0.09999051122648804,-0.2621821498548204,False,-0.20568688261278983,-0.1904761904761905,False,50,26,0.52,92
original,50,0.08602785943735779,0.2227367985027548,False,0.2613087778562511,0.1836734693877551,False,50,49,0.98,92
half,25,0.06422818744422357,,True,,,True,49,49,1.0,97
sqrt,7,0.07478721420177624,0.07586679242830431,False,0.026094687571510948,0.05596531072277233,False,50,31,0.62,97
log,3,0.255223906977339,0.20732087510269886,False,0.16138370836219806,0.15826117856865235,False,50,9,0.18,97
ten_percent,5,0.1302054158304659,0.13976897561638962,False,0.06982744149629595,0.10851363327070812,False,50,21,0.42,97
original,50,0.06556038631626704,,True,,,True,48,48,1.0,97
half,25,0.07792003385122227,0.19303855870238745,False,0.1904951053864703,0.15918367346938775,False,50,49,0.98,94
sqrt,7,0.10871121466970213,-0.19666898626556786,False,-0.15496410121428958,-0.14235025606841029,False,50,28,0.56,94
log,3,0.29559223955903735,-0.153287420546316,False,-0.14591144492493818,-0.11517436555519726,False,50,9,0.18,94
ten_percent,5,0.14747176012422322,-0.2071067530086716,False,-0.23894033795337963,-0.1394316713273612,False,50,20,0.4,94
original,50,0.06379677787191242,,True,,,True,47,47,1.0,94
half,25,0.07430801073642068,,True,,,True,49,49,1.0,98
sqrt,7,0.09291722955511082,-0.1265871482629383,False,-0.07810069942227964,-0.1001715405918349,False,50,35,0.7,98
log,3,0.31838404647590995,0.04184944029366906,False,0.11535697272027295,0.02734355441238496,False,50,9,0.18,98
ten_percent,5,0.17426418000287783,-0.2867631964735453,False,-0.26279428493763046,-0.2033748581781256,False,50,20,0.4,98
original,50,0.07330727061441344,,True,,,True,50,50,1.0,98
half,25,0.07542259816396615,,True,,,True,50,50,1.0,95
sqrt,7,0.10401372714681614,0.14738733641437798,False,0.08604331739180411,0.11814898930363048,False,50,31,0.62,95
log,3,0.26116335137720514,0.3458583563273716,False,0.15743862733714392,0.2629502940535666,False,50,15,0.3,95
ten_percent,5,0.15368904687486137,0.29602178827185865,False,0.19408815207820307,0.22827973665829612,False,50,25,0.5,95
original,50,0.07470856304525088,,True,,,True,49,49,1.0,95
half,25,0.08928166674963474,,True,,,True,50,50,1.0,96
sqrt,7,0.1062539805258898,0.05671462941347854,False,0.091930622991921,0.045714285714285714,False,50,26,0.52,96
log,3,0.3245378409481241,0.14685109138002353,False,0.18060579749806455,0.0982724632127336,False,50,8,0.16,96
ten_percent,5,0.1564892926075835,0.036993174671607496,False,0.10183892573986564,0.01408093951162737,False,50,19,0.38,96
original,50,0.08928166674963474,,True,,,True,50,50,1.0,96
half,25,0.06994271512884095,,True,,,True,50,50,1.0,99
sqrt,7,0.08653567243596635,-0.08846743719468209,False,-0.10469692371227785,-0.06888123217987249,False,50,37,0.74,99
log,3,0.23446873344220748,-0.06031224538910814,False,-0.05533453491722583,-0.04610167493146947,False,50,15,0.3,99
ten_percent,5,0.1159805464918397,-0.13773114790512242,False,-0.23822898654561359,-0.1024429567116061,False,50,27,0.54,99
original,50,0.06994271512884095,,True,,,True,50,50,1.0,99
half,25,0.07387008025248701,,True,,,True,50,50,1.0,103
sqrt,7,0.09476299759149846,0.001045300258258,False,0.0017542336055205796,0.010363946430143024,False,50,31,0.62,103
log,3,0.3140204449209077,0.019573494580906185,False,-0.11413513838027471,0.0016634928849702344,False,50,10,0.2,103
ten_percent,5,0.14517495395765462,0.051902402806338746,False,-0.0010884620715710907,0.04765430793311197,False,50,23,0.46,103
original,50,0.07387008025248701,,True,,,True,50,50,1.0,103
half,25,0.09891966302778789,-0.15344090563523108,False,-0.15651210966473303,-0.12653061224489795,False,50,49,0.98,100
sqrt,7,0.09358616391534413,-0.12889036073359408,False,-0.15683485936485628,-0.10427592909082661,False,50,25,0.5,100
log,3,0.28938065349363573,-0.20694468450953435,False,-0.19911395972387638,-0.16920238908952887,False,50,6,0.12,100
ten_percent,5,0.12115575911200212,-0.07170293580157892,False,-0.11030859716464879,-0.07171371656006362,False,50,15,0.3,100
original,50,0.08013815289208626,,True,,,True,50,50,1.0,100
half,25,0.0797634619883295,,True,,,True,50,50,1.0,104
sqrt,7,0.10770133893312427,0.11332215052653367,False,0.1045675694664845,0.0977519506322908,False,50,21,0.42,104
log,3,0.4600530452896275,-0.019762483651521955,False,0.016310551186095708,-0.004940489294607728,False,50,7,0.14,104
ten_percent,5,0.21829790766275667,-0.044064468095931654,False,0.0295168426782517,-0.009980957309821407,False,50,10,0.2,104
original,50,0.0797634619883295,,True,,,True,50,50,1.0,104
half,25,0.07447358129750092,0.13364207910165288,False,0.09178637267046541,0.11020408163265306,False,50,49,0.98,102
sqrt,7,0.09053023924116975,0.21258653530185073,False,0.19437431746150854,0.15805787053113138,False,50,28,0.56,102
log,3,0.24696222846094723,0.12038181273035156,False,0.05351562797305988,0.078184165593601,False,50,10,0.2,102
ten_percent,5,0.12135895315328872,0.30027447259645934,False,0.2859549621345179,0.20768805540571886,False,50,18,0.36,102
original,50,0.07495364125895279,,True,,,True,50,50,1.0,102
half,25,0.07882414405333278,,True,,,True,50,50,1.0,107
sqrt,7,0.12974061007878154,-0.3374491588059038,False,-0.25026421635614676,-0.23967786098564445,False,50,27,0.54,107
log,3,0.3561724511642902,-0.2107766460781326,False,-0.2495897187914066,-0.156368331187202,False,50,10,0.2,107
ten_percent,5,0.17636802408457683,-0.2454839818379922,False,-0.2829367383561065,-0.1673320053068151,False,50,15,0.3,107
original,50,0.07882414405333278,,True,,,True,50,50,1.0,107
half,25,0.08793627346969457,,True,,,True,50,50,1.0,106
sqrt,7,0.0923431042302017,0.25041960788165224,False,0.18930062660513408,0.1972060071302501,False,50,30,0.6,106
log,3,0.28982601292127225,0.21325165039196078,False,0.23072139300024555,0.1428666902168312,False,50,8,0.16,106
ten_percent,5,0.13492973219790044,0.3066630461094939,False,0.33358235294744426,0.21297421011336398,False,50,19,0.38,106
original,50,0.08793627346969457,,True,,,True,50,50,1.0,106
half,25,0.07727203363103326,0.11226827987756231,False,0.0724143045054439,0.09259731658395265,False,49,48,0.9795918367346939,101
sqrt,7,0.07858538710435381,0.018220222660943083,False,0.03545153415911336,0.016264412959195885,False,50,30,0.6,101
log,3,0.2462471773621195,-0.027426317852756683,False,0.007817900664275275,-0.0189938374276712,False,50,8,0.16,101
ten_percent,5,0.10218724932851392,-0.0039018168211708837,False,0.03794136967260457,-0.01584105695058079,False,50,19,0.38,101
original,50,0.08752646961498871,0.24253562503633297,False,0.41770427937763455,0.19999999999999998,False,50,49,0.98,101
half,25,0.09430832043134721,,True,,,True,50,50,1.0,105
sqrt,7,0.10935480154039069,0.169730380682022,False,0.10599175903598933,0.1123726049746405,False,50,22,0.44,105
log,3,0.2241259233106979,-0.06515368697764538,False,-0.02027642688323195,-0.03293659529738485,False,50,7,0.14,105
ten_percent,5,0.14917651568091628,0.07900778741495919,False,0.06779033136369411,0.06630058020033955,False,50,12,0.24,105
original,50,0.09430832043134721,,True,,,True,50,50,1.0,105
half,25,0.07172434970517605,,True,,,True,50,50,1.0,109
sqrt,7,0.09025097984312407,0.1567974644136629,False,0.04873551463588802,0.11383129612708512,False,50,35,0.7,109
log,3,0.24739811836267106,0.1478965066131529,False,0.11447456177262336,0.09783549783549783,False,50,17,0.34,109
ten_percent,5,0.11879591946628792,0.18638028666813225,False,0.1508293075063696,0.1287009214904797,False,50,25,0.5,109
original,50,0.07172434970517605,,True,,,True,50,50,1.0,109
half,25,0.07996630647582799,0.23263621176954388,False,0.31337241148760786,0.19183673469387755,False,50,49,0.98,111
sqrt,7,0.09035780264810754,0.24613259223531203,False,0.15734866853584017,0.17870760549830797,False,50,29,0.58,111
log,3,0.28210420631137684,0.2807822653113023,False,0.28516892149246,0.20058023630229307,False,50,12,0.24,111
ten_percent,5,0.11701128699113278,0.2038192702219709,False,0.06295904064735253,0.13746434980705374,False,50,23,0.46,111
original,50,0.08033334885903347,,True,,,True,50,50,1.0,111
half,25,0.0647195997204428,,True,,,True,50,50,1.0,110
sqrt,7,0.06866029359127424,0.31447273347173,False,0.20829472163694782,0.24393302236484746,False,50,34,0.68,110
log,3,0.20711192542093607,0.2431157620088218,False,0.08821206731961846,0.16533182657553028,False,50,12,0.24,110
ten_percent,5,0.07908648443670177,0.3122817298745479,False,0.19305830452840875,0.2366128631458044,False,50,29,0.58,110
original,50,0.083088593857044,-0.024748533166972755,False,-0.06162413978111752,-0.02040816326530612,False,50,49,0.98,110
half,25,0.07456805039460866,-0.19784684514625644,False,-0.11344336421716676,-0.15955439737814014,False,50,48,0.96,108
sqrt,7,0.08892945008753043,-0.09721292401799399,False,-0.07910043050541901,-0.08083878215511558,False,50,31,0.62,108
log,3,0.20210353904852954,-0.16799970987199747,False,-0.19773828041703614,-0.1143147991432755,False,50,16,0.32,108
ten_percent,5,0.11335803323702699,-0.12982039764676392,False,-0.0780987583751981,-0.0924355298984946,False,50,22,0.44,108
original,50,0.07280289812003012,,True,,,True,50,50,1.0,108
half,25,0.06778775162756606,,True,,,True,50,50,1.0,113
sqrt,7,0.08702385265312565,0.011123405410434056,False,0.006989620008720877,0.0031746031746031746,False,50,32,0.64,113
log,3,0.23065828683349665,-0.10551914921244812,False,-0.10290556957360164,-0.07019461658052399,False,50,8,0.16,113
ten_percent,5,0.11527935041795402,0.11282315382672507,False,0.11048705010201891,0.07981581290159523,False,50,21,0.42,113
original,50,0.06778775162756606,,True,,,True,50,50,1.0,113
half,25,0.07883059858908424,,True,,,True,50,50,1.0,112
sqrt,7,0.07633417885549694,0.13661106946281826,False,0.10715072613523433,0.10687830687830688,False,50,32,0.64,112
log,3,0.22405961464433888,0.054985086121007755,False,0.11016526383878211,0.04844701439981685,False,50,11,0.22,112
ten_percent,5,0.1218707872211073,0.07250422048218998,False,0.08434292044678474,0.05829244762476056,False,50,21,0.42,112
original,50,0.08295214279790762,-0.03464794643376186,False,-0.0488833431718184,-0.028571428571428574,False,50,49,0.98,112
half,25,0.07611446710280428,,True,,,True,50,50,1.0,114
sqrt,7,0.06259916225577383,0.4940313022231279,False,0.46538378625894145,0.37438744168639937,False,50,29,0.58,114
log,3,0.2572271917702794,0.2721460592547225,False,0.26029607742712013,0.1792027270349848,False,50,8,0.16,114
ten_percent,5,0.09294390773919435,0.4497724085108446,False,0.3976452422548588,0.3298574997620241,False,50,18,0.36,114
original,50,0.0756938950716212,,True,,,True,49,49,1.0,114
half,25,0.08133466964296591,,True,,,True,50,50,1.0,116
sqrt,7,0.0897579912064256,-0.05941798970498192,False,-0.13906426801164098,-0.056084656084656084,False,50,32,0.64,116
log,3,0.2284489423665578,0.13238624659893689,False,0.20505795484912392,0.1014730659831843,False,50,10,0.2,116
ten_percent,5,0.10523600257051502,0.04486568529111889,False,0.05115514845192555,0.036412092512240826,False,50,20,0.4,116
original,50,0.08133466964296591,,True,,,True,50,50,1.0,116
half,25,0.08682713862043138,,True,,,True,50,50,1.0,115
sqrt,7,0.0877077600012735,-0.014912384618331392,False,0.048777976519698334,-0.010165258099497428,False,50,30,0.6,115
log,3,0.18568702404093318,0.06004920119340411,False,0.19796116393941965,0.0355102177995592,False,50,8,0.16,115
ten_percent,5,0.10433248647397583,-0.006551184135428864,False,0.10473578687652439,-0.0008880998173717274,False,50,20,0.4,115
original,50,0.08682713862043138,,True,,,True,50,50,1.0,115
half,25,0.06848822945252345,,True,,,True,50,50,1.0,117
sqrt,7,0.08506319474883348,0.13740996514516765,False,0.1188638456136395,0.10476190476190476,False,50,26,0.52,117
log,3,0.2707011617182232,0.1314702456210127,False,0.13670516853096604,0.07652067270863078,False,50,10,0.2,117
ten_percent,5,0.13881224836789274,0.20078949747974836,False,0.19894449470244582,0.14660333322756625,False,50,18,0.36,117
original,50,0.06848822945252345,,True,,,True,50,50,1.0,117
half,25,0.09098967670380588,,True,,,True,50,50,1.0,118
sqrt,7,0.09891048267038763,0.04737785860498102,False,0.14379157156904293,0.04227402530709188,False,50,25,0.5,118
log,3,0.2105900193900811,0.0743622371951061,False,0.0881734927260927,0.051461220452581495,False,50,13,0.26,118
ten_percent,5,0.12022611642758173,0.13458237456015584,False,0.21079615581963745,0.10447290585336085,False,50,23,0.46,118
original,50,0.09098967670380588,,True,,,True,50,50,1.0,118
half,25,0.09172395405956923,0.014849119900183652,False,-0.0216964922620453,0.012244897959183673,False,50,49,0.98,121
sqrt,7,0.07025351190804986,0.4494240952478737,False,0.39205851989785173,0.3399374429086912,False,50,31,0.62,121
log,3,0.21465271317523205,0.29591652644729594,False,0.36371500497774145,0.24286996120565424,False,50,10,0.2,121
ten_percent,5,0.1186417196279597,0.3512970682089829,False,0.32020690579700245,0.270995670995671,False,50,17,0.34,121
original,50,0.0840937072396766,-0.0816496580927726,False,-0.09726041973192646,-0.06734350297014738,False,49,48,0.9795918367346939,121
half,25,0.08846861403240014,-0.12374266583486376,False,-0.10443997872723955,-0.10204081632653061,False,50,49,0.98,120
sqrt,7,0.10030825087073776,0.11379925517577782,False,0.04776265006552531,0.07797209112196946,False,50,25,0.5,120
log,3,0.2375858433127124,-0.1320638593548429,False,-0.1078481137478837,-0.08878841097912639,False,50,15,0.3,120
ten_percent,5,0.14567433621806358,0.04074682123374657,False,0.014628690246871568,0.05104340572964922,False,50,19,0.38,120
original,50,0.06985097363728769,,True,,,True,50,50,1.0,120
half,25,0.060192881533900705,,True,,,True,50,50,1.0,122
sqrt,7,0.094168709178659,-0.12493866967503828,False,-0.13253129079883633,-0.09352037451537634,False,50,30,0.6,122
log,3,0.2315289927804347,0.007772255369167909,False,-0.0002818576015688367,0.0,False,50,11,0.22,122
ten_percent,5,0.12686466657515583,-0.12589299866474546,False,-0.10079599839317258,-0.08551861104941365,False,50,18,0.36,122
original,50,0.060192881533900705,,True,,,True,50,50,1.0,122
half,25,0.07798889318783858,,True,,,True,50,50,1.0,119
sqrt,7,0.0773171415184021,0.06528712321299988,False,0.11574013830387123,0.04761904761904762,False,50,32,0.64,119
log,3,0.138597924634838,-0.0827915722256914,False,-0.12510010365249055,-0.04977396732298866,False,50,13,0.26,119
ten_percent,5,0.1087791001359942,-0.13466479149780874,False,-0.1228352101097635,-0.08996437842376566,False,50,24,0.48,119
original,50,0.07798889318783858,,True,,,True,50,50,1.0,119
half,25,0.07593344647942894,0.07424559950091826,False,0.03284300436154203,0.061224489795918366,False,50,49,0.98,123
sqrt,7,0.08324848977914816,0.15843840308295057,False,0.18667606522882646,0.10285714285714286,False,50,26,0.52,123
log,3,0.32454491074917136,0.29524190586757026,False,0.30825441142939936,0.2089322117043832,False,50,8,0.16,123
ten_percent,5,0.16122159740152553,0.09322525739808875,False,0.08436265203412502,0.05800865800865801,False,50,17,0.34,123
original,50,0.0672478036929746,,True,,,True,49,49,1.0,123
half,25,0.09648479716388472,-0.0408248290463863,False,-0.059568955062234794,-0.03367175148507369,False,49,48,0.9795918367346939,124
sqrt,7,0.07563741721463932,0.1344879533855183,False,0.09531867205571615,0.11404027256575018,False,50,27,0.54,124
log,3,0.25895339760059394,-0.16212552705162678,False,-0.15569701539250588,-0.1065844770309256,False,50,12,0.24,124
ten_percent,5,0.1370704291672515,0.012953477722325255,False,-0.04128684496487186,0.0008880998173717274,False,50,20,0.4,124
original,50,0.08036114446021392,,True,,,True,50,50,1.0,124
half,25,0.06955541554983898,,True,,,True,50,50,1.0,126
sqrt,7,0.0817936682828156,0.22070770175538787,False,0.2475193202259287,0.1548871257398852,False,50,24,0.48,126
log,3,0.24338650113712101,0.2677396417555196,False,0.24907059185316432,0.17131291414970376,False,50,5,0.1,126
ten_percent,5,0.11019447410993115,0.1749325662514871,False,0.23980532441041894,0.1177528382152537,False,50,16,0.32,126
original,50,0.06955541554983898,,True,,,True,50,50,1.0,126
half,25,0.08713183082779631,-0.10394383930128556,False,-0.10608578945981076,-0.08571428571428572,False,50,49,0.98,129
sqrt,7,0.07266227898955108,0.23588327051272218,False,0.17704333804021394,0.19153439153439156,False,50,32,0.64,129
log,3,0.2838675674165109,-0.09420346899283419,False,-0.06383058777134384,-0.06487622251383914,False,50,10,0.2,129
ten_percent,5,0.13337975495027132,0.08660466906305582,False,0.09110133640635286,0.050621689590188465,False,50,20,0.4,129
original,50,0.06847520986819389,,True,,,True,50,50,1.0,129
half,25,0.08905801047466438,-0.014849119900183652,False,-0.05027845587094622,-0.012244897959183673,False,50,49,0.98,125
sqrt,7,0.08663792760560499,0.12829227229907708,False,0.023009377853877067,0.09130050906456658,False,50,28,0.56,125
log,3,0.3591283886039728,-0.14617447184558507,False,-0.13077898797322948,-0.0865016300184522,False,50,10,0.2,125
ten_percent,5,0.1575245453279382,-0.05645286869111798,False,-0.09384099814703258,-0.04224281853488211,False,50,19,0.38,125
original,50,0.07115282225519363,,True,,,True,50,50,1.0,125
half,25,0.09873955617150922,0.21433035249352808,False,0.23336759569969232,0.17677669529663687,False,49,48,0.9795918367346939,127
sqrt,7,0.0857676776181613,0.09145772589695654,False,0.13310310949602372,0.066764919309107,False,50,36,0.72,127
log,3,0.2644240009968371,-0.06385039261510198,False,-0.09769868331330453,-0.038813493873936795,False,50,8,0.16,127
ten_percent,5,0.11255092662794403,0.09818509860156276,False,0.027428823612243997,0.06378523719779247,False,50,27,0.54,127
original,50,0.08726977221467606,,True,,,True,50,50,1.0,127
half,25,0.07679009897005817,0.28934570776929286,False,0.2728305150553941,0.23498011250235187,False,50,48,0.96,128
sqrt,7,0.08400091714969189,0.0439576266499022,False,0.029762976485570185,0.03938299643454349,False,50,31,0.62,128
log,3,0.1994941005412425,0.05154363609813128,False,0.15040539132022016,0.03608765757740001,False,50,12,0.24,128
ten_percent,5,0.10851388933587057,0.07591256271062846,False,0.07363928277705113,0.047523170851742375,False,50,19,0.38,128
original,50,0.07694420299017238,,True,,,True,50,50,1.0,128
half,25,0.09195248688389406,,True,,,True,50,50,1.0,130
sqrt,7,0.09656124550684357,0.054986029101774664,False,0.02695273845553103,0.0426940840178892,False,50,30,0.6,130
log,3,0.20966614835086644,-0.11996197442063247,False,-0.1444108669594994,-0.09197377393256759,False,50,9,0.18,130
ten_percent,5,0.12803760220467808,-0.09146166871373185,False,-0.06734842195949127,-0.06493506493506493,False,50,17,0.34,130
original,50,0.09195248688389406,,True,,,True,50,50,1.0,130
half,25,0.09042877671156276,,True,,,True,50,50,1.0,132
sqrt,7,0.0961965541893984,0.28870547208488395,False,0.11660445926624481,0.21481481481481482,False,50,32,0.64,132
log,3,0.18185500305343183,0.2638843278889066,False,0.24698830520833556,0.18611416916778414,False,50,15,0.3,132
ten_percent,5,0.12399466703627401,0.29393198348994587,False,0.22140948462658935,0.22095238095238096,False,50,26,0.52,132
original,50,0.09042877671156276,,True,,,True,50,50,1.0,132
half,25,0.0757569397858844,,True,,,True,50,50,1.0,131
sqrt,7,0.10144762219275037,-0.03651489838949988,False,-0.04683206767631098,-0.01714285714285714,False,50,26,0.52,131
log,3,0.2983123696336993,-0.040689727650947825,False,-0.0214875200448944,-0.029942871929464217,False,50,10,0.2,131
ten_percent,5,0.13867907979106509,-0.07901857077410256,False,-0.061929775278970076,-0.06666666666666667,False,50,17,0.34,131
original,50,0.0757569397858844,,True,,,True,50,50,1.0,131
half,25,0.07796341639739097,,True,,,True,50,50,1.0,133
sqrt,7,0.07738670972459773,0.018031637778563432,False,0.023294075623264965,0.022726620572357106,False,50,33,0.66,133
log,3,0.20475866013572086,0.09752674860218646,False,0.055090972393238166,0.07133606730416281,False,50,12,0.24,133
ten_percent,5,0.11243944944215313,-0.10356515094558158,False,-0.1263374754189968,-0.07612337756346614,False,50,22,0.44,133
original,50,0.07671230749364046,,True,,,True,48,48,1.0,133
half,25,0.08008464901737071,,True,,,True,50,50,1.0,134
sqrt,7,0.08006879033004431,0.03459673231452883,False,-0.013198867509119444,0.030495774298492286,False,50,30,0.6,134
log,3,0.22267748417603414,0.06057848101161521,False,0.04886672290767792,0.0421167699483144,False,50,8,0.16,134
ten_percent,5,0.12914076509930256,-0.044161207933061344,False,-0.004006526484320593,-0.03497546857485634,False,50,21,0.42,134
original,50,0.08008464901737071,,True,,,True,50,50,1.0,134
half,25,0.09065365930771772,0.024748533166972755,False,-0.011605466219519116,0.02040816326530612,False,50,49,0.98,136
sqrt,7,0.11161411337692893,-0.28082805541541617,False,-0.20945626917965338,-0.22285714285714286,False,50,26,0.52,136
log,3,0.2924079678205566,0.11112189712571105,False,0.09965390348277485,0.0691668501245082,False,50,7,0.14,136
ten_percent,5,0.17724236134567875,-0.04032774203843938,False,-0.08618796020551366,-0.021487744199863816,False,50,16,0.32,136
original,50,0.07338991661822851,,True,,,True,50,50,1.0,136
half,25,0.08546403337663408,0.23263621176954388,False,0.3287677936553521,0.19183673469387755,False,50,49,0.98,139
sqrt,7,0.09122145240013606,0.24924253630716306,False,0.13716298934161453,0.18306878306878308,False,50,32,0.64,139
log,3,0.2756273928257767,0.18333811185040058,False,0.037668612503569926,0.153289623220946,False,50,9,0.18,139
ten_percent,5,0.13208412225148053,0.2542692629856378,False,0.15157159319753055,0.19755828939090023,False,50,22,0.44,139
original,50,0.09123690369526295,-0.09404442603449646,False,-0.08956815000084818,-0.07755102040816327,False,50,49,0.98,139
half,25,0.08146504272339755,,True,,,True,50,50,1.0,137
sqrt,7,0.09406082582118959,-0.05679550719258399,False,-0.029358803876602193,-0.04417766567640319,False,50,28,0.56,137
log,3,0.21273508861489218,-0.01752378073917982,False,-0.038647420275272036,-0.015035280330977641,False,50,11,0.22,137
ten_percent,5,0.11640331134697914,0.03547866535639165,False,0.06903781083126671,0.027801013482578112,False,50,21,0.42,137
original,50,0.08146504272339755,,True,,,True,50,50,1.0,137
half,25,0.0810104170546702,,True,,,True,50,50,1.0,135
sqrt,7,0.08527064639373759,0.08642519855668085,False,0.08582615623445626,0.07968190728895957,False,50,35,0.7,135
log,3,0.19820375956961234,0.32905625535625965,False,0.19960479911835471,0.245021645021645,False,50,17,0.34,135
ten_percent,5,0.10455101129131485,0.17827085556334513,False,0.0876758046116104,0.13078601296244885,False,50,29,0.58,135
original,50,0.0810104170546702,,True,,,True,50,50,1.0,135
half,25,0.08204141730833825,,True,,,True,50,50,1.0,141
sqrt,7,0.09578502418849812,0.13995950799968482,False,0.1319127372246048,0.10775173585467274,False,50,30,0.6,141
log,3,0.26158744927021843,0.1010839760372973,False,0.13411400623334246,0.06214444184632945,False,50,9,0.18,141
ten_percent,5,0.12514053873674594,0.23554132177422718,False,0.29366449177956927,0.16897127413952845,False,50,19,0.38,141
original,50,0.08204141730833825,,True,,,True,50,50,1.0,141
half,25,0.08964660229186945,,True,,,True,50,50,1.0,138
sqrt,7,0.09378151103604296,0.0003661671231811078,False,0.09289311191717864,-0.007731543902762724,False,50,27,0.54,138
log,3,0.24911371612031677,0.030601996762023253,False,0.06887379133096676,0.012387285278916,False,50,8,0.16,138
ten_percent,5,0.13283535665667487,0.09263739450330312,False,0.15785173398428695,0.05454545454545455,False,50,17,0.34,138
original,50,0.08964660229186945,,True,,,True,50,50,1.0,138
half,25,0.07169328440378372,,True,,,True,50,50,1.0,143
sqrt,7,0.08471693446343251,-0.0032646419061435165,False,-0.03490875663499452,-0.010982031622801048,False,50,29,0.58,143
log,3,0.21457311275186908,-0.12910792730952403,False,-0.08219858801680839,-0.08816512290342242,False,50,10,0.2,143
ten_percent,5,0.12431286039203443,0.007457903037934222,False,-0.011299207901410492,0.0035202348779068424,False,50,19,0.38,143
original,50,0.07169328440378372,,True,,,True,50,50,1.0,143
half,25,0.06837081575030025,-0.234191833854325,False,-0.18781115627085326,-0.1943662658970071,False,50,48,0.96,140
sqrt,7,0.10623826539667607,-0.1627373201983101,False,-0.2518695066516239,-0.1295238095238095,False,50,26,0.52,140
log,3,0.3082639462166578,-0.007024986678074521,False,-0.07510680409102828,-0.004129095092972,False,50,8,0.16,140
ten_percent,5,0.17355024145582476,-0.02871934032039506,False,-0.05231878805194851,-0.02966972220081698,False,50,18,0.36,140
original,50,0.05616045056809748,,True,,,True,50,50,1.0,140
half,25,0.067500745839211,,True,,,True,50,50,1.0,144
sqrt,7,0.0795181674493298,-0.07344609709339103,False,-0.17728711757236956,-0.06011088929482954,False,50,31,0.62,144
log,3,0.22111124308208596,-0.06722454469923998,False,-0.08411844395997305,-0.047809144373375745,False,50,15,0.3,144
ten_percent,5,0.130875945280161,-0.12013155899795286,False,-0.1652069575821918,-0.07974830030458357,False,50,22,0.44,144
original,50,0.067500745839211,,True,,,True,50,50,1.0,144
half,25,0.0590856593088835,,True,,,True,50,50,1.0,142
sqrt,7,0.10367619932640566,-0.040110787981347394,False,-0.031053736370650713,-0.021749536446704614,False,50,22,0.44,142
log,3,0.33528993495905146,-0.17203941452117635,False,-0.10381282377154694,-0.11229602506463834,False,50,5,0.1,142
ten_percent,5,0.16670818583633715,-0.16214358820327043,False,-0.06322779725960812,-0.10714057372914508,False,50,13,0.26,142
original,50,0.0590856593088835,,True,,,True,50,50,1.0,142
half,25,0.07876021411009541,,True,,,True,50,50,1.0,149
sqrt,7,0.07371337124226242,0.32374014541886814,False,0.32365330791241287,0.23767396450431652,False,50,25,0.5,149
log,3,0.2316245685317364,0.30036243856342226,False,0.22572300751559043,0.21294828739342225,False,50,9,0.18,149
ten_percent,5,0.10989116923943101,0.3479531582930238,False,0.299821495244783,0.25521702864824614,False,50,19,0.38,149
original,50,0.07876021411009541,,True,,,True,50,50,1.0,149
half,25,0.07444124799311135,,True,,,True,50,50,1.0,147
sqrt,7,0.08347022503725748,-0.08424664603521585,False,-0.07918647717052268,-0.058651455917676266,False,50,23,0.46,147
log,3,0.19293708672080245,-0.03568519592360043,False,-0.03960663834478632,-0.03231510976009132,False,50,9,0.18,147
ten_percent,5,0.13828107126624822,-0.10537442389032523,False,-0.052185108424746565,-0.08051948051948052,False,50,17,0.34,147
original,50,0.07444124799311135,,True,,,True,50,50,1.0,147
half,25,0.08101159627869549,,True,,,True,50,50,1.0,146
sqrt,7,0.12197444758724242,0.05404134258927167,False,0.06599494264742434,0.03856269612099545,False,50,21,0.42,146
log,3,0.33050189914211275,0.041051169838005115,False,0.044962162079608355,0.032730666174851174,False,50,12,0.24,146
ten_percent,5,0.16946480632022978,0.11292744229408026,False,0.15062444654688056,0.07649636935151517,False,50,16,0.32,146
original,50,0.08101159627869549,,True,,,True,50,50,1.0,146
half,25,0.0895592264725474,,True,,,True,50,50,1.0,145
sqrt,7,0.10187555262383065,0.10561306024323666,False,0.024204025520404803,0.0715167811005552,False,50,27,0.54,145
log,3,0.35818413194748866,0.10461695379449856,False,0.016503972830755206,0.08483813713348194,False,50,10,0.2,145
ten_percent,5,0.15744793714090755,0.03897164225505186,False,-0.008794099372245609,0.024213785936439004,False,50,21,0.42,145
original,50,0.09191191015540724,,True,,,True,48,48,1.0,145
half,25,0.07624471647003814,-0.2128373852359657,False,-0.1723871664794559,-0.17551020408163268,False,50,49,0.98,152
sqrt,7,0.099997850667956,-0.3195075868874483,False,-0.25194269340652636,-0.2268921422932988,False,50,21,0.42,152
log,3,0.1810857547868322,-0.12871122851951602,False,-0.09735127415157944,-0.0801044448036568,False,50,8,0.16,152
ten_percent,5,0.10391354681805876,-0.22708363578707788,False,-0.19117659518109878,-0.1673320053068151,False,50,15,0.3,152
original,50,0.07603890306886071,,True,,,True,50,50,1.0,152
half,25,0.061729222311392634,-0.05444677296734005,False,-0.059878446060589376,-0.044897959183673466,False,50,49,0.98,155
sqrt,7,0.09820991010130697,-0.07459460804851965,False,-0.1625258061662662,-0.06485894443381905,False,49,32,0.6530612244897959,155
log,3,0.28184380500648193,-0.10294446517237814,False,-0.12489762418348453,-0.06495924548932419,False,50,13,0.26,155
ten_percent,5,0.1323450597729552,-0.03971211242657498,False,-0.11026116406719208,-0.05286566567169735,False,50,24,0.48,155
original,50,0.06131348356769228,,True,,,True,50,50,1.0,155
half,25,0.06822174414859222,,True,,,True,50,50,1.0,148
sqrt,7,0.08014199360858512,0.11512360925351836,False,0.026273275313076737,0.09352037451537634,False,50,30,0.6,148
log,3,0.23686283260179933,0.0920504084187276,False,0.10884925113056759,0.06829877767625106,False,50,15,0.3,148
ten_percent,5,0.13356683858209656,0.12346404095022936,False,0.14671783336319066,0.09347575786879654,False,50,23,0.46,148
original,50,0.07050515698189909,,True,,,True,48,48,1.0,148
half,25,0.08589344401595507,0.024748533166972755,False,0.002162403175695185,0.02040816326530612,False,50,49,0.98,150
sqrt,7,0.09489240311911507,0.09950851660253693,False,0.03541341565117345,0.07015988557236646,False,50,20,0.4,150
log,3,0.2933427672610808,0.11466457691510476,False,0.0937516511923207,0.08203066323715488,False,50,9,0.18,150
ten_percent,5,0.1479995143117267,0.08417073519887348,False,0.04427769969586076,0.04039695909574397,False,50,16,0.32,150
original,50,0.0686711207845353,,True,,,True,50,50,1.0,150
half,25,0.07148722678770897,,True,,,True,50,50,1.0,151
sqrt,7,0.07268688981677529,0.3315863538859266,False,0.3464598860504722,0.2380952380952381,False,50,26,0.52,151
log,3,0.21869707717742135,0.3584409696650418,False,0.4158713761086449,0.250588005516294,False,50,11,0.22,151
ten_percent,5,0.10765872276785107,0.4617715849460782,False,0.4873594806611926,0.3298574997620241,False,50,18,0.36,151
original,50,0.07148722678770897,,True,,,True,50,50,1.0,151
half,25,0.05875249302154959,,True,,,True,50,50,1.0,153
sqrt,7,0.07164639759651108,0.1307419359548003,False,0.101829790907287,0.09841269841269841,False,50,32,0.64,153
log,3,0.17162344392702145,0.13567677569545622,False,0.13301660402761314,0.10322748562837676,False,50,12,0.24,153
ten_percent,5,0.11609432630227387,0.1805738477708468,False,0.1912596505892698,0.13593460279190384,False,50,22,0.44,153
original,50,0.05875249302154959,,True,,,True,50,50,1.0,153
half,25,0.08684079356380724,,True,,,True,49,49,1.0,154
sqrt,7,0.09367226497836308,0.08443121036633447,False,0.04060004677859429,0.06709070345668303,False,50,30,0.6,154
log,3,0.2797797502577465,0.052860991485955654,False,0.06822504155314048,0.026729387255071364,False,50,11,0.22,154
ten_percent,5,0.12249063636564923,0.000245884763017081,False,-0.0063288574260650324,0.001745277776518646,False,50,18,0.36,154
original,50,0.08534675402796225,,True,,,True,50,50,1.0,154
half,25,0.07640368923722929,0.14288690166235204,False,0.14568151399719056,0.1178511301977579,False,49,48,0.9795918367346939,156
sqrt,7,0.09709123066956651,0.2122163597428674,False,0.29150192496808036,0.15609441872329125,False,50,28,0.56,156
log,3,0.3378103594291984,0.11630195432590425,False,0.09216431604332992,0.08534503346895912,False,50,9,0.18,156
ten_percent,5,0.1711372872393822,0.17133250287030202,False,0.14324681652176466,0.12042416657978658,False,50,18,0.36,156
original,50,0.07535093530932654,,True,,,True,49,49,1.0,156
half,25,0.06753168540295125,,True,,,True,50,50,1.0,158
sqrt,7,0.06849133832044148,0.3383907314083695,False,0.20008641816146183,0.2551409487911699,False,50,27,0.54,158
log,3,0.26191038771188874,0.449806757235544,False,0.4034671244076476,0.3146727086690639,False,50,13,0.26,158
ten_percent,5,0.12054034934745708,0.19815158949399614,False,0.1014914970713974,0.12644977100140367,False,50,21,0.42,158
original,50,0.06753168540295125,,True,,,True,50,50,1.0,158
half,25,0.08132762775302549,-0.14354149236844196,False,-0.10423305413508498,-0.11836734693877551,False,50,49,0.98,161
sqrt,7,0.09647429619705647,0.09222659640955912,False,0.08996596360113915,0.07166599098616518,False,50,28,0.56,161
log,3,0.24352248150134642,-0.08879868454633842,False,-0.03391771118335254,-0.06664649861891703,False,50,13,0.26,161
ten_percent,5,0.13216172381254068,0.04635459077644363,False,0.06018757419434642,0.023978695069036642,False,50,20,0.4,161
original,50,0.07926542027715663,,True,,,True,50,50,1.0,161
half,25,0.07216014859166311,,True,,,True,50,50,1.0,159
sqrt,7,0.0908320873993374,0.10094703237128033,False,0.07533471184765417,0.07622858535545611,False,50,21,0.42,159
log,3,0.346428681278378,0.098001853852263,False,0.11048692179440243,0.08700221858486124,False,50,9,0.18,159
ten_percent,5,0.13845927322562246,0.028168430375145055,False,0.0006926592994159812,0.019913419913419914,False,50,17,0.34,159
original,50,0.07216014859166311,,True,,,True,50,50,1.0,159
half,25,0.08063507146755669,,True,,,True,50,50,1.0,157
sqrt,7,0.07837379733551242,0.17212004382994875,False,0.0705010519338487,0.13470115299205798,False,50,36,0.72,157
log,3,0.25820164937410545,-0.08020237547615944,False,-0.12134250882287813,-0.054174088859675375,False,50,20,0.4,157
ten_percent,5,0.10978440788904939,0.005726503015694366,False,-0.08510312347587728,-0.0009983665111637317,False,50,29,0.58,157
original,50,0.08224383105399953,,True,,,True,49,49,1.0,157
half,25,0.05249892317189036,,True,,,True,50,50,1.0,162
sqrt,7,0.08699105273699254,0.06533467669331482,False,0.1304275226874631,0.04445637744088567,False,50,27,0.54,162
log,3,0.21092913440126973,0.034836235307712,False,0.08742395601588467,0.022297113502048802,False,50,8,0.16,162
ten_percent,5,0.10919655724401421,-0.13857138353684897,False,-0.050881389422899145,-0.1013391781784299,False,50,21,0.42,162
original,50,0.05456571568474067,,True,,,True,48,48,1.0,162
half,25,0.06801052206372837,,True,,,True,50,50,1.0,166
sqrt,7,0.07094119053787581,0.11821453988349977,False,0.1789601390056091,0.09758647775517532,False,50,30,0.6,166
log,3,0.25470616485289804,0.06219164534327334,False,0.07372304455315554,0.05655875808898797,False,50,10,0.2,166
ten_percent,5,0.1511036167021344,0.12604760235695345,False,0.17756819272715046,0.10649350649350649,False,50,17,0.34,166
original,50,0.06801052206372837,,True,,,True,50,50,1.0,166
half,25,0.08207124471693654,,True,,,True,49,49,1.0,165
sqrt,7,0.1101081736361817,-0.004216903867876322,False,-0.031955201995954745,0.0018124613705587176,False,50,22,0.44,165
log,3,0.28120472310262523,0.038861276845839544,False,-0.060756562453809095,0.026729387255071364,False,50,11,0.22,165
ten_percent,5,0.15036902465226906,0.06247845922507808,False,-0.002159423945529167,0.04400293597383553,False,50,19,0.38,165
original,50,0.08244581365142394,,True,,,True,50,50,1.0,165
half,25,0.08277328067607094,,True,,,True,50,50,1.0,167
sqrt,7,0.09883311244186845,-0.10301125448256887,False,-0.16800455249014726,-0.07968190728895957,False,50,35,0.7,167
log,3,0.40478402478093223,0.24004046679392088,False,0.24877593582155472,0.1730032600369044,False,50,10,0.2,167
ten_percent,5,0.13862440683735516,0.03448067195677444,False,0.05694465357727204,0.024213785936439004,False,50,21,0.42,167
original,50,0.08277328067607094,,True,,,True,50,50,1.0,167
half,25,0.08699183153184821,,True,,,True,50,50,1.0,160
sqrt,7,0.09328443201465092,0.10686849037985761,False,0.04168770410819625,0.07731543902762723,False,50,27,0.54,160
log,3,0.21375000375599096,0.13837474720129464,False,0.12599866635047827,0.08484483870235696,False,50,14,0.28,160
ten_percent,5,0.11549239880631607,0.016466005579326592,False,0.01392530595109257,0.021749536446704614,False,50,22,0.44,160
original,50,0.08699183153184821,,True,,,True,50,50,1.0,160
half,25,0.07803306937048139,0.024748533166972755,False,0.014278603324599437,0.02040816326530612,False,50,49,0.98,163
sqrt,7,0.07658369537965029,0.0334682914218812,False,0.0867456069138034,0.011383129612708511,False,50,35,0.7,163
log,3,0.18430122407611096,0.07450067219137634,False,0.10468162372111163,0.05385851626681886,False,50,9,0.18,163
ten_percent,5,0.10007431187077062,-0.04372419108570325,False,-0.03589056010905273,-0.02753109433852355,False,50,20,0.4,163
original,50,0.07874998510836928,,True,,,True,50,50,1.0,163
half,25,0.09826406234181434,0.18313914543559837,False,0.14557034829068352,0.1510204081632653,False,50,49,0.98,164
sqrt,7,0.08155250232070778,0.19621856575899996,False,0.20643663490266764,0.13262789808864422,False,50,24,0.48,164
log,3,0.20675241317782841,0.16746555202263025,False,0.1457854858767765,0.11359989583405329,False,50,11,0.22,164
ten_percent,5,0.12270341422982498,0.14485921499009377,False,0.13869880413263813,0.1012987012987013,False,50,17,0.34,164
original,50,0.0839748357141265,,True,,,True,50,50,1.0,164
half,25,0.07743722116919192,,True,,,True,48,48,1.0,171
sqrt,7,0.11355946524969006,-0.189768085874989,False,-0.20845945737825458,-0.14561053161331647,False,50,25,0.5,171
log,3,0.2958953378395434,-0.07996352874082972,False,-0.10405049568716346,-0.06422636082990046,False,50,7,0.14,171
ten_percent,5,0.1642203986949843,-0.1533848952551088,False,-0.16541660779598402,-0.11440045260772054,False,50,15,0.3,171
original,50,0.0751173712790249,,True,,,True,50,50,1.0,171
half,25,0.07740006614933051,,True,,,True,50,50,1.0,168
sqrt,7,0.10222687636017065,0.14066386473558876,False,0.26338777795906543,0.09968537538072947,False,50,22,0.44,168
log,3,0.20295504020107194,0.07156644820165205,False,0.11157949714978624,0.05090690322141417,False,50,14,0.28,168
ten_percent,5,0.15381121572681522,0.1694643978394953,False,0.21086218107277085,0.1143147991432755,False,50,16,0.32,168
original,50,0.09679423801396954,-0.17323973216880925,False,-0.14277200048438884,-0.14285714285714285,False,50,49,0.98,168
half,25,0.0739956978260843,,True,,,True,50,50,1.0,169
sqrt,7,0.094974028771262,0.14927083284899098,False,0.07425613969883167,0.10666666666666667,False,50,26,0.52,169
log,3,0.2786968547779094,-0.04416103193244479,False,-0.01731751993485126,-0.02734355441238496,False,50,9,0.18,169
ten_percent,5,0.13346344229993248,0.11846724644900529,False,0.15890338202045207,0.08792188191980102,False,50,20,0.4,169
original,50,0.0739956978260843,,True,,,True,50,50,1.0,169
half,25,0.06631086597415056,,True,,,True,50,50,1.0,174
sqrt,7,0.08041366626406524,0.06763636284852415,False,-0.051442560122738824,0.05399492471560389,False,50,28,0.56,174
log,3,0.2065064964942392,-0.00033911117939136327,False,0.023734758644741942,-0.01602890473113194,False,50,13,0.26,174
ten_percent,5,0.13128057738666782,0.06623210578721717,False,-0.011391980364301514,0.04224281853488211,False,50,19,0.38,174
original,50,0.06631086597415056,,True,,,True,50,50,1.0,174
half,25,0.08334315875577943,-0.014849119900183652,False,-0.04284544640171019,-0.012244897959183673,False,50,49,0.98,170
sqrt,7,0.07589473253669003,0.12154101260412996,False,0.06243741310815455,0.09883828460520944,False,50,29,0.58,170
log,3,0.20275490370714727,0.0076757056130291774,False,-0.07340056009781293,0.011694106924093723,False,50,11,0.22,170
ten_percent,5,0.11204056966645594,0.1573336594496524,False,0.1040624235941299,0.10492640572456902,False,50,21,0.42,170
original,50,0.08608575696922471,-0.02941539942131618,False,0.17179557078525878,-0.026108901389150202,False,50,48,0.96,170
half,25,0.08525453632813941,,True,,,True,49,49,1.0,172
sqrt,7,0.0896342260201446,0.08252991569676672,False,0.04860967483438271,0.05286566567169735,False,50,24,0.48,172
log,3,0.14290417416132473,0.05527512224079221,False,0.07838994375765838,0.027839676638281793,False,50,13,0.26,172
ten_percent,5,0.098488870318788,-0.002245485149138712,False,-0.023394968160988013,-0.006277648205743445,False,50,21,0.42,172
original,50,0.08475530459777375,,True,,,True,50,50,1.0,172
half,25,0.0809994073061214,0.08414501276770736,False,0.05702261545377895,0.06938775510204082,False,50,49,0.98,173
sqrt,7,0.08441358451564199,0.013167673455263887,False,-0.07588756314680109,0.0049086295196003535,False,50,28,0.56,173
log,3,0.23614697135847848,0.27913828442261895,False,0.28759352484354433,0.19722324489974424,False,50,12,0.24,173
ten_percent,5,0.1328500000384383,0.194839086214735,False,0.12193591214868016,0.15882027766319678,False,50,18,0.36,173
original,50,0.09788321500714599,-0.004949706633394551,False,0.012090222621798307,-0.004081632653061224,False,50,49,0.98,173
half,25,0.06282782365928526,0.07424559950091826,False,0.0475916334999909,0.061224489795918366,False,50,49,0.98,176
sqrt,7,0.100405211179035,-0.0007538531320546726,False,-0.014519532935842903,0.0022175729305895222,False,50,34,0.68,176
log,3,0.2267878285034954,0.06726131287838985,False,0.06400577225685945,0.04935064935064935,False,50,17,0.34,176
ten_percent,5,0.12776733852571664,-0.11813888553839166,False,-0.0905017595451428,-0.07951979821752574,False,50,28,0.56,176
original,50,0.06404002709423036,,True,,,True,49,49,1.0,176
half,25,0.08261293091406889,,True,,,True,50,50,1.0,178
sqrt,7,0.07484412328457639,0.3620254379219397,False,0.3727944074587641,0.28881779808753555,False,50,37,0.74,178
log,3,0.2024000716340103,0.3837079885946608,False,0.40321490912431185,0.2711493402501482,False,50,10,0.2,178
ten_percent,5,0.10280496413263147,0.22877910704485419,False,0.26096421204109876,0.1737932151513777,False,50,25,0.5,178
original,50,0.08261293091406889,,True,,,True,50,50,1.0,178
half,25,0.05819998733766946,-0.04454735970055096,False,-0.042364810318687614,-0.03673469387755102,False,50,49,0.98,175
sqrt,7,0.06300097679587346,0.04793653819129073,False,0.1915607614838165,0.026429671058693316,False,50,30,0.6,175
log,3,0.20741745863134411,0.05720573051219858,False,0.10236704614247183,0.043435254289490965,False,50,11,0.22,175
ten_percent,5,0.09073255622458001,0.08704894412973266,False,0.13433886550675928,0.08337322304570101,False,50,22,0.44,175
original,50,0.059077524358831776,,True,,,True,50,50,1.0,175
half,25,0.07092572896384386,,True,,,True,50,50,1.0,182
sqrt,7,0.09488714287242034,-0.047478638046139686,False,-0.03307305776040231,-0.035237417862486284,False,50,31,0.62,182
log,3,0.24044583073644926,0.14212139302387283,False,0.13062919029299608,0.1099524999206747,False,50,18,0.36,182
ten_percent,5,0.15065457228358997,0.10394101257013194,False,0.08220759404574365,0.08340304044773433,False,50,21,0.42,182
original,50,0.07092572896384386,,True,,,True,50,50,1.0,182
half,25,0.07060450063975965,,True,,,True,50,50,1.0,180
sqrt,7,0.0978787122961516,-0.07256584424433168,False,-0.0185595584283471,-0.05181973215071512,False,50,31,0.62,180
log,3,0.33807643440900775,-0.06072743867700424,False,0.025612620167770578,-0.05220133115091674,False,50,9,0.18,180
ten_percent,5,0.1644329194961836,-0.09006890431545278,False,-0.05885816942171041,-0.05829244762476056,False,50,21,0.42,180
original,50,0.07060450063975965,,True,,,True,50,50,1.0,180
half,25,0.07549045538957039,0.20293797196917657,False,0.2088202294771825,0.1673469387755102,False,50,49,0.98,179
sqrt,7,0.09729404505008127,0.09666870311735898,False,0.07431769107014943,0.07755634640968559,False,50,28,0.56,179
log,3,0.28608422926264043,0.14249999289869592,False,0.13212530140175824,0.10357406974388243,False,50,9,0.18,179
ten_percent,5,0.16068428819491876,0.13819730803848104,False,0.15445596834351144,0.10586310539818915,False,50,15,0.3,179
original,50,0.07643976692007674,,True,,,True,50,50,1.0,179
half,25,0.08016875385558399,,True,,,True,50,50,1.0,183
sqrt,7,0.0952211711972572,-0.21286671683083025,False,-0.10354528197715512,-0.15500475945933687,False,50,25,0.5,183
log,3,0.30627294667951477,-0.25414010443881613,False,-0.2040192382668262,-0.1854737749908233,False,50,12,0.24,183
ten_percent,5,0.13070398024427832,-0.06504674371496272,False,-0.05182948132656201,-0.0492832882906958,False,50,19,0.38,183
original,50,0.08016875385558399,,True,,,True,50,50,1.0,183
half,25,0.07785669198882736,,True,,,True,50,50,1.0,177
sqrt,7,0.08379831434169542,-0.10477881548110482,False,-0.0663037859388006,-0.09063320023667433,False,50,37,0.74,177
log,3,0.31457550992807826,-0.01269629293224323,False,-0.01617135916349211,-0.01837645373786156,False,50,11,0.22,177
ten_percent,5,0.12607795099792202,-0.027037765824139463,False,-0.05270033761762948,-0.018328579974273833,False,50,23,0.46,177
original,50,0.07785669198882736,,True,,,True,50,50,1.0,177
half,25,0.07328937440227924,,True,,,True,49,49,1.0,185
sqrt,7,0.08516067397112723,-0.06105943665542236,False,-0.07552704333012263,-0.0426940840178892,False,50,30,0.6,185
log,3,0.22261530006966754,-0.005538188301233535,False,-0.08461279407568603,-0.0058001479056574165,False,50,9,0.18,185
ten_percent,5,0.1203339067973343,0.022031274766330457,False,-0.01637620561303504,0.027924444424298336,False,50,18,0.36,185
original,50,0.07170775788266678,,True,,,True,49,49,1.0,185
half,25,0.08012623149407017,,True,,,True,50,50,1.0,181
sqrt,7,0.11672760930028597,-0.008033846866918503,False,-0.07482256421078767,-0.0026904206596043336,False,50,21,0.42,181
log,3,0.3561106969757708,-0.00442670393412915,False,-0.05083990785658159,0.004129095092972,False,50,8,0.16,181
ten_percent,5,0.24988458660907475,-0.004466833944743546,False,-0.07897903679684341,-0.013575174192377111,False,50,14,0.28,181
original,50,0.08012623149407017,,True,,,True,50,50,1.0,181
half,25,0.07270014081876484,,True,,,True,50,50,1.0,184
sqrt,7,0.07482939441129945,0.3645990570652006,False,0.31843483746992507,0.25646242019635734,False,50,25,0.5,184
log,3,0.2720910718482745,0.18594044837088905,False,0.20476227018250923,0.13009955142467017,False,50,7,0.14,184
ten_percent,5,0.10805351866481161,0.2801948081823289,False,0.28331277543635985,0.1779185219748724,False,50,16,0.32,184
original,50,0.07270014081876484,,True,,,True,50,50,1.0,184
half,25,0.09268258529643514,0.024748533166972755,False,-0.02351175469894475,0.02040816326530612,False,50,49,0.98,186
sqrt,7,0.0849098477458548,-0.03805180975849247,False,-0.019605237275080935,-0.02296242975676583,False,50,29,0.58,186
log,3,0.2754298411944554,0.16516501098082642,False,0.14417704931854464,0.12806020814297073,False,50,15,0.3,186
ten_percent,5,0.11601178072758846,0.12791137439419997,False,0.10621938150975442,0.09347575786879654,False,50,23,0.46,186
original,50,0.07528974538786475,,True,,,True,50,50,1.0,186
half,25,0.08167086190809691,0.23263621176954388,False,0.34315239479668974,0.19183673469387755,False,50,49,0.98,187
sqrt,7,0.09309344943156381,0.08322160924677324,False,0.065158842388169,0.06489382322564256,False,50,29,0.58,187
log,3,0.29389789404300604,-0.012116994395410838,False,-0.00016927252975636013,-0.015035280330977641,False,50,11,0.22,187
ten_percent,5,0.12564823385436413,0.09510541796518213,False,0.1013077054903071,0.07326995768533492,False,50,24,0.48,187
original,50,0.09307532099659171,-0.13364207910165288,False,-0.11715576421512862,-0.11020408163265306,False,50,49,0.98,187
half,25,0.08214259801499603,,True,,,True,49,49,1.0,194
sqrt,7,0.10177698799574159,0.003135900774774,False,0.027025843082965434,0.0,False,50,31,0.62,194
log,3,0.25075606548610757,-0.10477960546402483,False,-0.10539819470978322,-0.06462208449906513,False,50,12,0.24,194
ten_percent,5,0.14198377384755484,0.08443832871635296,False,0.036928249332918925,0.05730478986072454,False,50,25,0.5,194
original,50,0.08182616527704864,,True,,,True,50,50,1.0,194
half,25,0.07568648297520095,,True,,,True,50,50,1.0,188
sqrt,7,0.07571809881098691,0.13011237425158786,False,0.23331599301814002,0.10571225358745884,False,50,31,0.62,188
log,3,0.3120286848502203,-0.10881577042459215,False,-0.01300710507131684,-0.08114822249196493,False,50,5,0.1,188
ten_percent,5,0.15289132132465738,-0.21062212972618344,False,-0.10755084840859577,-0.1469761703270685,False,50,16,0.32,188
original,50,0.07568648297520095,,True,,,True,50,50,1.0,188
half,25,0.0709303629287907,,True,,,True,49,49,1.0,191
sqrt,7,0.0689656655783776,0.0672590305170589,False,0.0933663787599332,0.05505177557066717,False,50,36,0.72,191
log,3,0.2515824376308066,0.04713645393539949,False,0.05459760446517375,0.02952692976787463,False,50,13,0.26,191
ten_percent,5,0.1173739764619933,0.06531246364419765,False,0.09269899485960352,0.04761904761904762,False,50,26,0.52,191
original,50,0.06965287216251458,,True,,,True,50,50,1.0,191
half,25,0.0654647659253364,,True,,,True,50,50,1.0,189
sqrt,7,0.0634793110629625,0.20618778635371046,False,0.23244261545217165,0.16002132233897154,False,50,28,0.56,189
log,3,0.2899804126299933,-0.03779709298381883,False,0.10702909338267647,-0.03992382923928563,False,50,10,0.2,189
ten_percent,5,0.12977796967790123,-0.020745416428858073,False,-0.03050686012198686,-0.018650096164806274,False,50,20,0.4,189
original,50,0.08300881797946143,0.05444677296734005,False,-0.010950142104769387,0.044897959183673466,False,50,49,0.98,189
half,25,0.07006901243273636,,True,,,True,50,50,1.0,193
sqrt,7,0.09146336294305094,-0.10592691777739191,False,-0.036936027544612254,-0.0811812109790086,False,50,27,0.54,193
log,3,0.22486176146532103,0.08567336511212573,False,0.1014340479608443,0.0571728864986231,False,50,9,0.18,193
ten_percent,5,0.10945898005547078,-0.10928809190912801,False,-0.03547308312414391,-0.07974830030458357,False,50,22,0.44,193
original,50,0.07144201977062976,,True,,,True,49,49,1.0,193
half,25,0.08404644652509623,,True,,,True,50,50,1.0,197
sqrt,7,0.10822082331208777,-0.04655639209214263,False,-0.10855166596533387,-0.03856269612099545,False,50,21,0.42,197
log,3,0.3128819182729272,0.14410845959474788,False,0.14963189981263456,0.09662082517554481,False,50,8,0.16,197
ten_percent,5,0.14847802905413354,-0.010952586935068063,False,-0.06081818420675808,-0.013659755535250213,False,50,15,0.3,197
original,50,0.08404644652509623,,True,,,True,50,50,1.0,197
half,25,0.08688088998511706,0.10394383930128556,False,0.09389315930726824,0.08571428571428572,False,50,49,0.98,190
sqrt,7,0.07865481673714653,0.12254750591123842,False,0.2579080838993537,0.08996437842376566,False,50,24,0.48,190
log,3,0.41938901399643425,0.2530819109677677,False,0.16752042251097554,0.18234432222269614,False,50,6,0.12,190
ten_percent,5,0.14314962910605022,0.17677381337129777,False,0.15939512868190028,0.12232585189548062,False,50,13,0.26,190
original,50,0.07087967391828658,,True,,,True,50,50,1.0,190
half,25,0.08195678807282641,,True,,,True,50,50,1.0,192
sqrt,7,0.08271521440805538,0.23356394798290186,False,0.13083136459621497,0.18267756760002885,False,49,35,0.7142857142857143,192
log,3,0.18654054242341747,0.1608813325351109,False,0.24065733208215434,0.11440045260772054,False,50,15,0.3,192
ten_percent,5,0.11172647420457549,0.09428900309532333,False,0.05539068826652179,0.08148325002536587,False,50,28,0.56,192
original,50,0.08195678807282641,,True,,,True,50,50,1.0,192
half,25,0.09012269423207515,-0.04454735970055096,False,-0.04092433052572251,-0.03673469387755102,False,50,49,0.98,196
sqrt,7,0.07711377391617924,0.2501138339516239,False,0.1675298955400042,0.19795212917963304,False,50,36,0.72,196
log,3,0.17360386882861556,0.15195974117984307,False,0.19546087439177887,0.08483813713348194,False,50,10,0.2,196
ten_percent,5,0.09020642672522682,0.30041396977558604,False,0.22462951618844282,0.21841611525304697,False,50,27,0.54,196
original,50,0.08965206055399082,,True,,,True,49,49,1.0,196
half,25,0.09359385926644725,0.03464794643376186,False,0.02258552855133007,0.028571428571428574,False,50,49,0.98,195
sqrt,7,0.08703451487489382,0.1307725638883824,False,0.2547046995079104,0.09742109644334442,False,50,31,0.62,195
log,3,0.24940276991489482,-0.060097317540514214,False,0.013766561914379642,-0.0338585797623704,False,50,8,0.16,195
ten_percent,5,0.11843047766365983,0.14685472875367178,False,0.24163120426965162,0.0977519506322908,False,50,21,0.42,195
original,50,0.07663448562541979,,True,,,True,48,48,1.0,195
half,25,0.0670201549120911,,True,,,True,50,50,1.0,198
sqrt,7,0.06086863202043466,0.2285661860591521,False,0.2712598175379389,0.17687549093125526,False,50,30,0.6,198
log,3,0.17731207679590347,0.20947496047792452,False,0.2573037150690701,0.1497143596473211,False,50,10,0.2,198
ten_percent,5,0.0896560060730158,0.24513263793857243,False,0.34206090171381914,0.17943367568531307,False,50,22,0.44,198
original,50,0.08375645725966178,0.10394383930128556,False,0.04574853131829107,0.08571428571428572,False,50,49,0.98,198
half,25,0.08028173405124445,,True,,,True,50,50,1.0,199
sqrt,7,0.0874819622681432,0.23068489511990628,False,0.24711914560578793,0.17671957671957672,False,50,32,0.64,199
log,3,0.2402249552251824,0.37813711991734306,False,0.33280905864380794,0.24724683210941012,False,50,11,0.22,199
ten_percent,5,0.12227250716708413,0.17335512753142712,False,0.15797814350969477,0.12571428571428572,False,50,26,0.52,199
original,50,0.08028173405124445,,True,,,True,50,50,1.0,199
half,25,0.08771620926106252,,True,,,True,50,50,1.0,204
sqrt,7,0.09502332927721327,-0.04988088760453393,False,-0.05818512419321296,-0.03849001794597505,False,50,23,0.46,204
log,3,0.24338813916254914,0.055635006764447624,False,0.09214658062646924,0.03992382923928563,False,50,10,0.2,204
ten_percent,5,0.13056520005712144,-0.08519601677612194,False,-0.05873963077695724,-0.06274421306360235,False,50,16,0.32,204
original,50,0.08771620926106252,,True,,,True,50,50,1.0,204
half,25,0.07595167230150811,,True,,,True,49,49,1.0,206
sqrt,7,0.07500596218351951,0.04482526700602016,False,0.10158380587247477,0.022175729305895224,False,50,34,0.68,206
log,3,0.1941734405774053,0.10480476028859335,False,0.13542365717857172,0.08854109528242389,False,50,11,0.22,206
ten_percent,5,0.09871340559528871,-0.03783042447656664,False,0.04987720075268976,-0.02724326075345921,False,50,25,0.5,206
original,50,0.07539070850155055,,True,,,True,50,50,1.0,206
half,25,0.07487530171699545,,True,,,True,50,50,1.0,212
sqrt,7,0.09293547787041144,-0.003131147751791812,False,0.02509889072205112,-0.0046971139230102075,False,50,25,0.5,212
log,3,0.32088606264623293,0.22209947314476355,False,0.29645312568562643,0.1581980499085781,False,50,5,0.1,212
ten_percent,5,0.15574712261933638,0.09370546600002677,False,0.10479768208982397,0.0580539610248134,False,50,15,0.3,212
original,50,0.07487530171699545,,True,,,True,50,50,1.0,212
half,25,0.08094423889073851,,True,,,True,50,50,1.0,209
sqrt,7,0.08612209620520143,0.1269952583999795,False,-0.013809372556025292,0.09092049015417042,False,50,34,0.68,209
log,3,0.19039125553208314,0.20673616316992918,False,0.2012291360969399,0.14342743312012723,False,50,15,0.3,209
ten_percent,5,0.09391717396906524,0.22012249442570958,False,0.11284972697713781,0.15075334318572348,False,50,29,0.58,209
original,50,0.08094423889073851,,True,,,True,50,50,1.0,209
half,25,0.07306934179324558,,True,,,True,50,50,1.0,200
sqrt,7,0.0803458683336906,0.03879444194958277,False,0.02128317376240498,0.024393302236484747,False,50,34,0.68,200
log,3,0.2117335293158163,0.05360200733692256,False,0.12301803938695495,0.020362761288565668,False,50,14,0.28,200
ten_percent,5,0.09409502668334896,0.1481930657102969,False,0.11926714927621905,0.10630872866298746,False,50,27,0.54,200
original,50,0.07306934179324558,,True,,,True,50,50,1.0,200
half,25,0.06719407331522259,,True,,,True,50,50,1.0,202
sqrt,7,0.08146074958184571,0.15590003069829614,False,0.16294794545896518,0.11680888180615662,False,50,29,0.58,202
log,3,0.19221916336944747,0.13317380459240824,False,0.11880038469644583,0.09364254869240239,False,50,13,0.26,202
ten_percent,5,0.11693384526544838,0.1390330930581777,False,0.21356479507614007,0.0985665765813916,False,50,19,0.38,202
original,50,0.08304758172845185,0.13364207910165288,False,0.10250484644534949,0.11020408163265306,False,50,49,0.98,202
half,25,0.07461260450200433,,True,,,True,50,50,1.0,210
sqrt,7,0.10246269797768832,0.17340080827233045,False,0.2299184095825755,0.13253299702920956,False,50,28,0.56,210
log,3,0.26914021703506746,0.20298664077999434,False,0.21459700218552094,0.1450036976414354,False,50,9,0.18,210
ten_percent,5,0.15715265552156246,0.2564551878502337,False,0.25814390242783875,0.18095238095238095,False,50,17,0.34,210
original,50,0.07461260450200433,,True,,,True,50,50,1.0,210
half,25,0.07410800545402302,,True,,,True,49,49,1.0,213
sqrt,7,0.10160174269630887,-0.06842959618920269,False,-0.07955130206323748,-0.05203147290776375,False,50,28,0.56,213
log,3,0.2985873985166351,-0.03822267436282651,False,-0.12465914797747246,-0.022777917249503288,False,50,13,0.26,213
ten_percent,5,0.16072550899697302,-0.020608563702095288,False,-0.08943055493710284,-0.015245717071091224,False,50,21,0.42,213
original,50,0.07455728173987632,,True,,,True,50,50,1.0,213
half,25,0.0732892988814506,,True,,,True,50,50,1.0,203
sqrt,7,0.09442259429040666,-0.016522344093972286,False,0.15525273582518584,-0.019047619047619046,False,50,26,0.52,203
log,3,0.36722696114322667,0.012293697335298219,False,0.13109118479157678,0.009980957309821407,False,50,10,0.2,203
ten_percent,5,0.15326266994035379,0.08166537712020268,False,0.18076022815100135,0.06448207741379128,False,50,14,0.28,203
original,50,0.09085127529801712,0.06123724356957945,False,0.021919076401564954,0.050507627227610534,False,49,48,0.9795918367346939,203
half,25,0.06385202683033434,,True,,,True,50,50,1.0,207
sqrt,7,0.06516304325405217,0.0749797264017552,False,0.24403847581704688,0.05091669206935032,False,50,29,0.58,207
log,3,0.1907946106494998,0.03948223017199443,False,0.13578415690883577,0.03458868915665314,False,50,13,0.26,207
ten_percent,5,0.09116489402740999,0.05151612979223607,False,0.20461390603146062,0.03463589287749737,False,50,20,0.4,207
original,50,0.06385202683033434,,True,,,True,50,50,1.0,207
half,25,0.08443203359016593,,True,,,True,50,50,1.0,208
sqrt,7,0.08354385673446156,0.25309431789916853,False,0.23957059262082533,0.17572893680169266,False,50,28,0.56,208
log,3,0.19810173776075335,0.09312132803015648,False,0.04862119832126181,0.05976143046671968,False,50,15,0.3,208
ten_percent,5,0.11934228344432374,0.26621473934788953,False,0.20622769556709766,0.1874326392857686,False,50,21,0.42,208
original,50,0.08443203359016593,,True,,,True,50,50,1.0,208
half,25,0.08135236162715988,,True,,,True,50,50,1.0,201
sqrt,7,0.08673354502133618,0.07562195103902933,False,-0.10363441869640229,0.04891995904702285,False,50,29,0.58,201
log,3,0.16158626717913702,0.20709275796186805,False,0.17139519041373477,0.1461699662912088,False,50,8,0.16,201
ten_percent,5,0.11629196660414907,0.12673344240087,False,0.09818575739433102,0.08051948051948052,False,50,17,0.34,201
original,50,0.08135236162715988,,True,,,True,50,50,1.0,201
half,25,0.08955402143740683,-0.15457226715143552,False,-0.10041027964958078,-0.12474252885927321,False,50,48,0.96,205
sqrt,7,0.09589166848703207,0.03765437039598072,False,0.04892491265460198,0.03428571428571428,False,50,26,0.52,205
log,3,0.3576860230861662,0.005859750409130734,False,0.09765442814185903,0.03027832364952797,False,50,4,0.08,205
ten_percent,5,0.18200718186913875,0.022514339825820656,False,0.07774806096319921,0.023288900389583284,False,50,10,0.2,205
original,50,0.08133825453485116,,True,,,True,50,50,1.0,205
half,25,0.06312896420519633,,True,,,True,50,50,1.0,211
sqrt,7,0.08482424200600662,-0.031776935950335254,False,0.018121286707721916,-0.02439661943879383,False,50,30,0.6,211
log,3,0.20240847840505452,0.19742276377924015,False,0.17784138746382838,0.1351189039525907,False,50,12,0.24,211
ten_percent,5,0.11377395751981606,0.08737999459801334,False,0.12272369334079232,0.0659828879073858,False,50,23,0.46,211
original,50,0.06312896420519633,,True,,,True,50,50,1.0,211
half,25,0.0817962642504694,,True,,,True,50,50,1.0,214
sqrt,7,0.10225089802276946,0.17089542734752558,False,0.1822419491413481,0.12950336037127563,False,50,27,0.54,214
log,3,0.46915302837542044,0.03963488326723554,False,0.11762310508654145,0.030328123557603056,False,50,5,0.1,214
ten_percent,5,0.14827439985168067,0.3328773641723663,False,0.3651565415820082,0.23809523809523808,False,50,17,0.34,214
original,50,0.0817962642504694,,True,,,True,50,50,1.0,214
half,25,0.07758355890443308,-0.04454735970055096,False,-0.06579016859557121,-0.03673469387755102,False,50,49,0.98,226
sqrt,7,0.09908693086597181,0.00761374477057657,False,-0.009323855437620895,0.01714285714285714,False,50,26,0.52,226
log,3,0.24900713633212118,0.13241799054427064,False,0.145271884794078,0.09021168198586586,False,50,11,0.22,226
ten_percent,5,0.1290163118852761,0.04005155755523556,False,0.11865564461801177,0.023978695069036642,False,50,20,0.4,226
original,50,0.0764484478034018,,True,,,True,50,50,1.0,226
half,25,0.0706924083140511,,True,,,True,50,50,1.0,219
sqrt,7,0.08769651220155446,0.0741226876496614,False,0.12401147185593234,0.04445637744088567,False,50,27,0.54,219
log,3,0.28189839042466985,0.2416651906364541,False,0.328310029856631,0.1754028007831768,False,50,12,0.24,219
ten_percent,5,0.1403620289772178,0.14812098124148962,False,0.20818925292353985,0.10820722214415604,False,50,18,0.36,219
original,50,0.0706924083140511,,True,,,True,50,50,1.0,219
half,25,0.07052853507812129,0.24253562503633297,False,0.4431487177508053,0.19999999999999998,False,50,49,0.98,218
sqrt,7,0.08728242385182945,0.053140830847697704,False,0.13607111712623263,0.030476190476190476,False,50,26,0.52,218
log,3,0.3420958081503958,-0.007107799724601591,False,-0.02707887293715531,-0.012588717759558141,False,50,12,0.24,218
ten_percent,5,0.15052355803781567,-0.14364587855457875,False,-0.07038609788986519,-0.09948083326156282,False,50,18,0.36,218
original,50,0.07073056804304324,,True,,,True,50,50,1.0,218
half,25,0.10662173083102758,-0.10153969607935105,False,-0.05424202667782489,-0.08412868225392844,False,50,48,0.96,215
sqrt,7,0.10162909811235049,-0.27932252061463636,False,-0.33582766118891416,-0.20940431684964705,False,50,30,0.6,215
log,3,0.3056692601560189,-0.14953108413330543,False,-0.08736418877380552,-0.08700221858486124,False,50,9,0.18,215
ten_percent,5,0.14529006013696136,-0.22289695923531444,False,-0.31327091551577596,-0.1752914177535228,False,50,24,0.48,215
original,50,0.07871726157929192,,True,,,True,50,50,1.0,215
half,25,0.06939725445088736,,True,,,True,50,50,1.0,222
sqrt,7,0.0776402055853747,-0.048862591152607056,False,-0.08174765521525827,-0.03494282789073061,False,50,29,0.58,222
log,3,0.2022398620695695,0.021260864803398095,False,-0.00550229862923399,0.014971435964732108,False,50,10,0.2,222
ten_percent,5,0.11680525427898565,-0.10371575465514861,False,-0.1606703242236845,-0.0616236865989964,False,50,22,0.44,222
original,50,0.06939725445088736,,True,,,True,50,50,1.0,222
half,25,0.08033165671020029,,True,,,True,50,50,1.0,216
sqrt,7,0.1043460772137741,-0.17753599649466134,False,-0.2017288978530442,-0.13058572501980212,False,50,31,0.62,216
log,3,0.21431701223222338,-0.01584133652299654,False,0.004244500325012185,-0.009279892212760597,False,50,13,0.26,216
ten_percent,5,0.12070252817481711,-0.05867052262783673,False,-0.05645129023948108,-0.03475864303027554,False,50,25,0.5,216
original,50,0.08033165671020029,,True,,,True,50,50,1.0,216
half,25,0.08352392208565387,,True,,,True,50,50,1.0,217
sqrt,7,0.0967077215205126,-0.2899316361827125,False,-0.3093759657567383,-0.23081254993606398,False,50,37,0.74,217
log,3,0.15688732283588894,-0.18816511490596896,False,-0.185216594965504,-0.13073593073593073,False,50,17,0.34,217
ten_percent,5,0.10065741555357635,-0.15248207213998247,False,-0.1345363913723596,-0.12000000000000001,False,50,26,0.52,217
original,50,0.08435374613846638,,True,,,True,49,49,1.0,217
half,25,0.07860336530937605,,True,,,True,50,50,1.0,223
sqrt,7,0.09727124414077086,0.17661903880895724,False,0.19268081934206205,0.13960638351590793,False,50,33,0.66,223
log,3,0.24343653178635594,0.10779780272889404,False,0.093942453492507,0.0801881617652141,False,50,11,0.22,223
ten_percent,5,0.13016735158999515,0.16522344093972285,False,0.18702157307222392,0.12571428571428572,False,50,26,0.52,223
original,50,0.07860336530937605,,True,,,True,50,50,1.0,223
half,25,0.09493937248949061,,True,,,True,50,50,1.0,221
sqrt,7,0.09828609955310914,0.17182052540599962,False,0.1628768992707549,0.1308368029047818,False,50,34,0.68,221
log,3,0.3449236319407629,0.21897514961485987,False,0.15681692819813467,0.14831806787323962,False,50,9,0.18,221
ten_percent,5,0.1549366812414611,0.1149307309223373,False,0.11390761280465668,0.07920528475290396,False,50,19,0.38,221
original,50,0.09493937248949061,,True,,,True,50,50,1.0,221
half,25,0.09109953629535429,,True,,,True,50,50,1.0,225
sqrt,7,0.09707190870239002,-0.07669232543448622,False,0.017305320681878567,-0.06090035718098764,False,50,29,0.58,225
log,3,0.22034316849723645,0.11899520491322801,False,0.12394972851964714,0.07301456300543722,False,50,12,0.24,225
ten_percent,5,0.11182019438647622,0.10630785165218658,False,0.14776137543579007,0.06305508703339265,False,50,20,0.4,225
original,50,0.09228063746758403,,True,,,True,49,49,1.0,225
half,25,0.1061287328737234,0.11384325256807468,False,0.044091678583064196,0.09387755102040816,False,50,49,0.98,220
sqrt,7,0.09941291919714258,0.0063987489481402825,False,-0.09561262147647191,0.002945177711760212,False,50,28,0.56,220
log,3,0.35502984417779027,0.23008212179315393,False,0.21576416669220638,0.14221506396881203,False,50,3,0.06,220
ten_percent,5,0.12080974355089316,0.0174297868132238,False,0.01749498302635889,0.007735587911950973,False,50,16,0.32,220
original,50,0.09044046205609758,,True,,,True,50,50,1.0,220
half,25,0.07277876167334736,0.19303855870238745,False,0.14238017029248634,0.15918367346938775,False,50,49,0.98,224
sqrt,7,0.0934918827445316,0.12270041742514216,False,0.13231888791620927,0.09142857142857143,False,50,26,0.52,224
log,3,0.23458965310296875,0.32713837504590787,False,0.308196294176687,0.21957702785703073,False,50,9,0.18,224
ten_percent,5,0.13708282375737868,0.21180513486291358,False,0.22947263879389423,0.14660333322756625,False,50,18,0.36,224
original,50,0.07295080824209842,,True,,,True,50,50,1.0,224
half,25,0.061326414977483396,,True,,,True,50,50,1.0,229
sqrt,7,0.11992729948988617,-0.12200469310320335,False,-0.1416895608595232,-0.07622858535545611,False,50,21,0.42,229
log,3,0.28249737640337336,0.05221205574167831,False,0.032041933650477666,0.04491430789419633,False,50,10,0.2,229
ten_percent,5,0.1568738865547373,-0.002024993540101345,False,-0.01595701353079859,-0.0035202348779068424,False,50,19,0.38,229
original,50,0.061326414977483396,,True,,,True,50,50,1.0,229
half,25,0.08236241144354803,,True,,,True,50,50,1.0,227
sqrt,7,0.08105734075168215,-0.05945929766763028,False,-0.02990064863470299,-0.03893629393538554,False,50,29,0.58,227
log,3,0.15315784762515133,0.142959584340559,False,0.12834993179069765,0.08689353617403106,False,50,13,0.26,227
ten_percent,5,0.0948918472886949,0.07530027471654409,False,0.05798386524835262,0.05657553694690418,False,50,24,0.48,227
original,50,0.08236241144354803,,True,,,True,50,50,1.0,227
half,25,0.07264584392481069,,True,,,True,50,50,1.0,228
sqrt,7,0.09251647708343537,-0.027671772594686575,False,-0.00010375298812571006,-0.015463087805525449,False,50,27,0.54,228
log,3,0.35155680912130605,0.15521374691196246,False,0.09395517874942949,0.12014592090290363,False,50,9,0.18,228
ten_percent,5,0.13743695434643036,-0.08944361188186556,False,-0.05821970162234367,-0.05758715445563503,False,50,16,0.32,228
original,50,0.07264584392481069,,True,,,True,50,50,1.0,228
half,25,0.08382570551092457,,True,,,True,50,50,1.0,231
sqrt,7,0.08855503431843932,0.08844399749999456,False,0.07202978271387506,0.05895849697708509,False,50,30,0.6,231
log,3,0.18494766310766306,0.130945359699265,False,0.12681171112065562,0.07170825800769552,False,50,13,0.26,231
ten_percent,5,0.12207476997942213,0.017419829073250997,False,0.07465845387823893,0.009062306852793588,False,50,22,0.44,231
original,50,0.08382570551092457,,True,,,True,50,50,1.0,231
half,25,0.08343564217721915,-0.12374266583486376,False,-0.10478352280700164,-0.10204081632653061,False,50,49,0.98,235
sqrt,7,0.13214636341406083,-0.2571016300621636,False,-0.33881032013880125,-0.17782550976354267,False,50,27,0.54,235
log,3,0.21133190909989186,-0.07176065837316263,False,-0.024592534826565093,-0.039028625803084194,False,50,14,0.28,235
ten_percent,5,0.1527101606765209,-0.21042690830928773,False,-0.25164000532484876,-0.13900506741289057,False,50,21,0.42,235
original,50,0.08346277737892452,,True,,,True,50,50,1.0,235
half,25,0.07335600117553237,,True,,,True,50,50,1.0,230
sqrt,7,0.1121043624637597,-0.0002510061826116859,False,-0.010385721590940464,-0.0054373841116761535,False,50,22,0.44,230
log,3,0.28557397556895187,-0.006249334591640837,False,0.008268754337942549,-0.002530879694389254,False,50,13,0.26,230
ten_percent,5,0.15010940481101892,0.062379679052390204,False,0.03720011763740196,0.04048270109592869,False,50,19,0.38,230
original,50,0.07335600117553237,,True,,,True,50,50,1.0,230
half,25,0.07545047199449154,-0.17323973216880925,False,-0.14308435511206696,-0.14285714285714285,False,50,49,0.98,234
sqrt,7,0.08869741617618797,0.08406150956457718,False,0.18095575343684053,0.06378523719779247,False,50,27,0.54,234
log,3,0.28842029016082094,-0.06043413197028492,False,0.05742421748939345,-0.0355102177995592,False,50,8,0.16,234
ten_percent,5,0.13521739300926733,0.09514106051225099,False,0.16471698421303355,0.07193608520710992,False,50,20,0.4,234
original,50,0.07480578156095345,,True,,,True,50,50,1.0,234
half,25,0.08678377664642212,0.05103103630798287,False,-0.0012443437271847484,0.042089689356342115,False,49,48,0.9795918367346939,232
sqrt,7,0.09178424884643027,-0.03013103923211147,False,-0.013916644664926571,-0.014975497667455975,False,50,29,0.58,232
log,3,0.36114522003617944,-0.07554266496285615,False,-0.14034817088795568,-0.0503749601342584,False,50,8,0.16,232
ten_percent,5,0.16114945633201702,-0.06741925735586342,False,-0.032543177967151164,-0.047809144373375745,False,50,15,0.3,232
original,50,0.07223210967032043,,True,,,True,50,50,1.0,232
half,25,0.07153719075724341,-0.024041432219344957,False,-0.06743247305378157,-0.020306923302672385,False,50,48,0.96,236
sqrt,7,0.10199991018981024,0.07161182737641951,False,-0.017225169223577395,0.05218792134364839,False,50,27,0.54,236
log,3,0.2588274707123424,0.03655204278814134,False,-0.035634349699977114,0.03397229487599344,False,50,9,0.18,236
ten_percent,5,0.12976695807081612,0.13152579993389954,False,0.1055431118556573,0.10208681145929845,False,50,19,0.38,236
original,50,0.07233116854137056,,True,,,True,50,50,1.0,236
half,25,0.06628976042479211,,True,,,True,50,50,1.0,237
sqrt,7,0.06757981407013439,0.09724705403505278,False,0.1750196038107971,0.0798326255012228,False,50,34,0.68,237
log,3,0.26508094859065406,0.18430559570871932,False,0.1934564711985166,0.1037502751867623,False,50,7,0.14,237
ten_percent,5,0.10515573872089433,0.09043324809574542,False,0.09936585376219315,0.05984399292441633,False,50,19,0.38,237
original,50,0.06628976042479211,,True,,,True,50,50,1.0,237
half,25,0.0736351758900597,,True,,,True,50,50,1.0,242
sqrt,7,0.09574622605113499,-0.06352672037036647,False,-0.01130569661531755,-0.05091669206935032,False,50,29,0.58,242
log,3,0.2732897802526161,-0.12498365932158828,False,-0.11917245926926301,-0.08854109528242389,False,50,11,0.22,242
ten_percent,5,0.14667472761057254,-0.24376755202064448,False,-0.22218564481868158,-0.17003552401296954,False,50,25,0.5,242
original,50,0.0736351758900597,,True,,,True,50,50,1.0,242
half,25,0.0860554476606441,,True,,,True,50,50,1.0,239
sqrt,7,0.09485796676263168,0.1919772160966927,False,0.08732305117402513,0.14393526362492834,False,50,33,0.66,239
log,3,0.23473811296095815,0.209212907259782,False,0.2135150203491989,0.15272070966424253,False,50,14,0.28,239
ten_percent,5,0.1369852314741275,0.3269295460118845,False,0.2950737016117028,0.23277296567327768,False,50,23,0.46,239
original,50,0.0860554476606441,,True,,,True,50,50,1.0,239
half,25,0.05690039495277872,,True,,,True,50,50,1.0,241
sqrt,7,0.07391276366480924,0.16967582353003247,False,0.08744162439505541,0.1280822520536676,False,50,30,0.6,241
log,3,0.27108382955789884,0.09183760948219437,False,0.1173925599651211,0.06877318230993792,False,50,9,0.18,241
ten_percent,5,0.11533288342015101,0.14134676074016214,False,0.04195325846858875,0.0968028800935183,False,50,20,0.4,241
original,50,0.05690039495277872,,True,,,True,50,50,1.0,241
half,25,0.06283848574947876,,True,,,True,50,50,1.0,240
sqrt,7,0.08965712159894414,-0.05372194792957111,False,0.03423083251560023,-0.048322149392267026,False,50,27,0.54,240
log,3,0.29054226213226164,0.09813924363201047,False,0.09627410207412374,0.0576390417704235,False,50,7,0.14,240
ten_percent,5,0.17608867231565697,-0.017434700479409142,False,0.00012706610348189586,-0.01408093951162737,False,50,19,0.38,240
original,50,0.06283848574947876,,True,,,True,50,50,1.0,240
half,25,0.06591586942118725,-0.10394383930128556,False,-0.10483738954910578,-0.08571428571428572,False,50,49,0.98,238
sqrt,7,0.0806976696762003,0.2524983862278868,False,0.30865296105740503,0.2029530274475215,False,50,27,0.54,238
log,3,0.2650703247431325,0.3700954529998236,False,0.3853079346100034,0.2560351004068774,False,50,9,0.18,238
ten_percent,5,0.1262199064259662,0.2909431443443243,False,0.29956782017753414,0.2311688311688312,False,50,17,0.34,238
original,50,0.0664603759057776,,True,,,True,50,50,1.0,238
half,25,0.0966993531612263,-0.2128373852359657,False,-0.19789310581792874,-0.17551020408163268,False,50,49,0.98,233
sqrt,7,0.08267638096790517,0.07209275794362843,False,0.044243231445789635,0.03617124493326661,False,50,24,0.48,233
log,3,0.17002689935332946,0.0029376477076108313,False,-0.04952973795381056,0.0008285925579510593,False,50,9,0.18,233
ten_percent,5,0.11094753819443154,0.04672354616317978,False,0.018053254964318154,0.028363822343820237,False,50,16,0.32,233
original,50,0.08800627518041647,,True,,,True,50,50,1.0,233
half,25,0.0784847018797501,,True,,,True,50,50,1.0,243
sqrt,7,0.08248681368652619,-0.05920646521752468,False,-0.10090984340821654,-0.048786604472969494,False,50,34,0.68,243
log,3,0.2108083973848492,-0.09090829984936338,False,-0.13712268936861077,-0.061025193527613236,False,50,16,0.32,243
ten_percent,5,0.1193645487596803,-0.10345514416769279,False,-0.12491725115975388,-0.06399527949731784,False,50,24,0.48,243
original,50,0.0784847018797501,,True,,,True,50,50,1.0,243
half,25,0.08587315705858545,,True,,,True,50,50,1.0,244
sqrt,7,0.10229824612806591,0.015211901893581268,False,0.01627721568077381,0.02749286996141075,False,50,23,0.46,244
log,3,0.2806691880410863,0.08838972964125269,False,0.1354263823340237,0.0751495306920904,False,50,8,0.16,244
ten_percent,5,0.12231766691929655,0.1259304106712048,False,0.08796668088534226,0.09561828874675149,False,50,15,0.3,244
original,50,0.08587315705858545,,True,,,True,50,50,1.0,244
half,25,0.07594826606343022,,True,,,True,50,50,1.0,245
sqrt,7,0.09551126087442686,-0.11566587778509402,False,-0.013224828354035819,-0.07522290993628097,False,50,30,0.6,245
log,3,0.2961460865672301,0.07757772905747098,False,0.06488409079703811,0.056799947917026646,False,50,11,0.22,245
ten_percent,5,0.11533078049820057,0.02068610727823115,False,0.066300037814304,0.017849032907438788,False,50,25,0.5,245
original,50,0.07594826606343022,,True,,,True,50,50,1.0,245
half,25,0.08720328629238142,0.07424559950091826,False,0.060826248267407006,0.061224489795918366,False,50,49,0.98,246
sqrt,7,0.09288652447462983,-0.06772445357450514,False,-0.07438934121862076,-0.0414557857205721,False,50,31,0.62,246
log,3,0.2312869553315717,0.06283245709579974,False,0.031065646595409502,0.059897486100545676,False,50,13,0.26,246
ten_percent,5,0.11748476831538561,-0.08679793794712097,False,-0.09890031146520392,-0.05981122522843768,False,50,22,0.44,246
original,50,0.08875538610908298,,True,,,True,50,50,1.0,246
half,25,0.0907693588809151,,True,,,True,50,50,1.0,254
sqrt,7,0.07820264730543239,0.22258127539440042,False,0.3208012284195301,0.17769238860953282,False,50,28,0.56,254
log,3,0.21988608204790855,0.18837549893603936,False,0.2346147516599562,0.1098339294730552,False,50,8,0.16,254
ten_percent,5,0.10847426218500578,0.17777468366134958,False,0.19220473065078567,0.12740527768586116,False,50,18,0.36,254
original,50,0.0907693588809151,,True,,,True,50,50,1.0,254
half,25,0.10332457917093614,-0.10357142857142858,False,-0.12764686605552497,-0.08676259528899408,False,49,47,0.9591836734693877,247
sqrt,7,0.08177767469569859,0.13856810132953634,False,0.14211734343891477,0.09277852683315269,False,50,27,0.54,247
log,3,0.2109901383235623,0.26862933942071243,False,0.28474171401424336,0.18298421734672576,False,50,10,0.2,247
ten_percent,5,0.10532623257784836,0.19583428517484192,False,0.21912273947591104,0.13929720780448113,False,50,23,0.46,247
original,50,0.08301517161207907,,True,,,True,49,49,1.0,247
half,25,0.06525546786507508,,True,,,True,50,50,1.0,248
sqrt,7,0.07033617233584531,0.21352466667265374,False,0.18072144426883088,0.17883597883597882,False,50,32,0.64,248
log,3,0.18341072039705408,0.29075467450294024,False,0.18086190625529647,0.2031888635868469,False,50,15,0.3,248
ten_percent,5,0.11289263191662836,0.19222053464402905,False,0.14218743388665475,0.15224675512693228,False,50,22,0.44,248
original,50,0.0666230345008129,,True,,,True,48,48,1.0,248
half,25,0.08810128349226198,,True,,,True,50,50,1.0,249
sqrt,7,0.11215949492116796,-0.07611045203264456,False,-0.05883496989432766,-0.05605369329502975,False,50,27,0.54,249
log,3,0.4087534531461952,-0.17155899169369473,False,-0.08076728634043973,-0.10901730900435692,False,50,5,0.1,249
ten_percent,5,0.17986204206612322,-0.08511690602723218,False,-0.01846235944560202,-0.059897486100545676,False,50,13,0.26,249
original,50,0.08810128349226198,,True,,,True,50,50,1.0,249
half,25,0.07317852640381053,,True,,,True,50,50,1.0,253
sqrt,7,0.09729835888471168,-0.11117815759474038,False,-0.12949870605455935,-0.08783068783068783,False,50,32,0.64,253
log,3,0.28345343303635223,-0.3224805548070972,False,-0.3221701841848885,-0.21625407504613048,False,50,10,0.2,253
ten_percent,5,0.12977691591209614,-0.22970305228308785,False,-0.24897270133482005,-0.17191436958217363,False,50,25,0.5,253
original,50,0.07299577325868221,,True,,,True,49,49,1.0,253
half,25,0.07100092099524968,,True,,,True,49,49,1.0,256
sqrt,7,0.09235842682050148,0.14610501121044334,False,0.2251560405906881,0.10264004785593348,False,50,23,0.46,256
log,3,0.34823984323684726,0.08900639937567524,False,0.1466333146807148,0.07063789059077419,False,50,6,0.12,256
ten_percent,5,0.1351803671241788,0.19365183525730154,False,0.16549100194104802,0.14285714285714285,False,50,17,0.34,256
original,50,0.07267559470116972,,True,,,True,50,50,1.0,256
half,25,0.07618553213966676,0.17323973216880925,False,0.14674136644191865,0.14285714285714285,False,50,49,0.98,252
sqrt,7,0.08367771558387888,0.10971462506518774,False,0.07024078642080726,0.08648534429299137,False,50,34,0.68,252
log,3,0.2583147253536466,0.05802285489470687,False,0.07366127292211865,0.061265093096516295,False,50,12,0.24,252
ten_percent,5,0.10491893331112118,0.1852282547406147,False,0.12162700732763815,0.13530201829834768,False,50,27,0.54,252
original,50,0.07787297599517448,,True,,,True,47,47,1.0,252
half,25,0.09187417467949022,,True,,,True,50,50,1.0,255
sqrt,7,0.09526545846140891,0.1471174526164839,False,0.059377376938302556,0.11385089071437121,False,50,30,0.6,255
log,3,0.24716242390312465,0.10124221334951473,False,0.10872819631309347,0.06487622251383914,False,50,10,0.2,255
ten_percent,5,0.1266652528876578,0.19048064175587867,False,0.12785419987968694,0.13410307242313083,False,50,20,0.4,255
original,50,0.09187417467949022,,True,,,True,50,50,1.0,255
half,25,0.09413059586078436,0.09404442603449646,False,0.0803904915878736,0.07755102040816327,False,50,49,0.98,250
sqrt,7,0.09675845494211263,0.05795189855365501,False,-0.03196339578794589,0.03663748859947962,False,50,25,0.5,250
log,3,0.27998203808381533,0.05187458169717993,False,0.028808955663223633,0.019961914619642813,False,50,10,0.2,250
ten_percent,5,0.1355589812999237,0.025522838401173007,False,-0.016147870963510644,0.024433888871261043,False,50,18,0.36,250
original,50,0.07826007430518991,,True,,,True,50,50,1.0,250
half,25,0.07495293858206065,,True,,,True,50,50,1.0,258
sqrt,7,0.07908094180802436,0.11931011092423689,False,0.09025173762267157,0.08340304044773433,False,50,21,0.42,258
log,3,0.16071023118078215,-0.06937099978567879,False,-0.08444784131975952,-0.060141121323910564,False,50,11,0.22,258
ten_percent,5,0.11741746796585278,0.04483258918754528,False,0.015111195138658717,0.027319511070500426,False,50,15,0.3,258
original,50,0.07495293858206065,,True,,,True,50,50,1.0,258
half,25,0.08734309559443833,-0.14354149236844196,False,-0.11705447798238677,-0.11836734693877551,False,50,49,0.98,251
sqrt,7,0.07755826612403482,0.11825796511556268,False,0.18389657069006415,0.09415314237119372,False,50,33,0.66,251
log,3,0.3473291984401213,0.13469248021925925,False,0.093498440219124,0.07854359432768872,False,50,15,0.3,251
ten_percent,5,0.11160949084945311,0.125105088709188,False,0.212487222939373,0.08800587194767107,False,50,19,0.38,251
original,50,0.07645532271980413,,True,,,True,49,49,1.0,251
half,25,0.07296860401614941,0.07424559950091826,False,0.08466770220031385,0.061224489795918366,False,50,49,0.98,259
sqrt,7,0.07924773043824684,-0.049385575709971444,False,-0.04016018981595951,-0.02689656674524953,False,50,24,0.48,259
log,3,0.23275804723011626,0.04146417502053977,False,0.012957641397099318,0.04722977580321039,False,50,9,0.18,259
ten_percent,5,0.11468673766088042,-0.016051778061778953,False,-0.05963310743964435,0.0017601174389534212,False,50,19,0.38,259
original,50,0.06633656375883928,,True,,,True,50,50,1.0,259
half,25,0.06112541452175231,,True,,,True,50,50,1.0,257
sqrt,7,0.07467050546409619,-0.03929149147494405,False,-0.0063476588441396704,-0.022579695790161627,False,50,28,0.56,257
log,3,0.26001720566277253,0.023684845394844996,False,0.0857012935146794,0.007377111135633175,False,50,5,0.1,257
ten_percent,5,0.13603037575460233,-0.0250692545402669,False,-0.08291844711884626,-0.03414938883812553,False,50,15,0.3,257
original,50,0.07877726754964506,0.06434618623412916,False,-0.006898018687719582,0.05306122448979592,False,50,49,0.98,257
half,25,0.07837431300286923,,True,,,True,50,50,1.0,260
sqrt,7,0.07649710322141015,0.07239576289259543,False,0.06854953859189068,0.055958376523444035,False,50,28,0.56,260
log,3,0.2720848078562153,-0.08259779440889634,False,-0.12219011453494551,-0.06495924548932419,False,50,13,0.26,260
ten_percent,5,0.12180202853707783,-0.034424890181722866,False,-0.0059468746517196735,-0.0246416441453479,False,50,19,0.38,260
original,50,0.07837431300286923,,True,,,True,50,50,1.0,260
half,25,0.07975560110362881,,True,,,True,50,50,1.0,263
sqrt,7,0.08911365562491687,0.12295480962843408,False,0.11950433093265495,0.1066587991621964,False,50,24,0.48,263
log,3,0.27656803904808497,0.16514835787530072,False,0.2194169993480622,0.12863517616503095,False,50,11,0.22,263
ten_percent,5,0.1358986570569924,0.06550370086775038,False,0.11170722581082122,0.0453772221894848,False,50,18,0.36,263
original,50,0.07975560110362881,,True,,,True,50,50,1.0,263
half,25,0.09208444067550642,,True,,,True,50,50,1.0,265
sqrt,7,0.09993959699787379,-0.14257151172343757,False,-0.1754303922643822,-0.12143491182743409,False,50,22,0.44,265
log,3,0.2895119601694439,-0.05138825871358622,False,-0.08236397862261541,-0.037161855836748005,False,50,8,0.16,265
ten_percent,5,0.13879348129640626,-0.28104628412852356,False,-0.2675962488892206,-0.2041974998526816,False,50,18,0.36,265
original,50,0.09208444067550642,,True,,,True,50,50,1.0,265
half,25,0.07981146560072665,,True,,,True,50,50,1.0,261
sqrt,7,0.0842889034286714,0.2191143176326709,False,0.15505076962687428,0.16825396825396824,False,50,32,0.64,261
log,3,0.25062126361735926,0.22848826678220796,False,0.2739404603928606,0.1612051935344782,False,50,14,0.28,261
ten_percent,5,0.12387593640427981,0.2942765583774173,False,0.251327134721489,0.22640089108909203,False,50,25,0.5,261
original,50,0.07981146560072665,,True,,,True,50,50,1.0,261
half,25,0.07222950898961464,,True,,,True,50,50,1.0,262
sqrt,7,0.09627804044669093,0.10784494141827208,False,-0.03999029758917735,0.07233555441435721,False,50,25,0.5,262
log,3,0.2741717883991716,0.34489847347734687,False,0.3331217908837808,0.2229080465860114,False,50,10,0.2,262
ten_percent,5,0.1621289222808083,0.26533027564664236,False,0.19441002169179397,0.15944542074652301,False,50,13,0.26,262
original,50,0.07222950898961464,,True,,,True,50,50,1.0,262
half,25,0.08221761772201275,,True,,,True,50,50,1.0,269
sqrt,7,0.09468378331040915,0.03415816163389477,False,-0.060800766779782384,0.01932885975690681,False,50,27,0.54,269
log,3,0.26592059030851073,0.07719752910328136,False,0.0921790785527718,0.05054414603501462,False,50,9,0.18,269
ten_percent,5,0.11591576628600855,0.13643337263859054,False,0.15263309547665568,0.10213147899774865,False,50,20,0.4,269
original,50,0.08221761772201275,,True,,,True,50,50,1.0,269
half,25,0.07252452699621814,,True,,,True,50,50,1.0,266
sqrt,7,0.07925756291285167,-0.05194989659644215,False,-0.011505127989015302,-0.045532518450834045,False,50,35,0.7,266
log,3,0.1878347244804296,-0.07145556994318011,False,-0.012438895540977291,-0.051461220452581495,False,50,13,0.26,266
ten_percent,5,0.11210692008468622,0.008264176853089864,False,0.05580260579671283,0.012212496199826542,False,50,25,0.5,266
original,50,0.07252452699621814,,True,,,True,50,50,1.0,266
half,25,0.07714373831562198,,True,,,True,50,50,1.0,264
sqrt,7,0.08928070652104853,-0.11864835470876031,False,-0.0719560509897349,-0.10775173585467274,False,50,30,0.6,264
log,3,0.2511487671983018,0.03348897758862922,False,0.08288428251425899,0.02064547546486,False,50,8,0.16,264
ten_percent,5,0.12330340288294829,-0.011626623105540444,False,-0.018253448544142514,-0.009864875751882557,False,50,21,0.42,264
original,50,0.07714373831562198,,True,,,True,50,50,1.0,264
half,25,0.09250843200184854,-0.0033940845486134063,False,0.0832308757014882,-0.0029009890432389117,False,50,48,0.96,268
sqrt,7,0.09356193968526164,-0.09317609112452235,False,-0.10563583495700893,-0.06888728927029748,False,50,29,0.58,268
log,3,0.1638196626789638,-0.12484135847022043,False,-0.12515166993401222,-0.08351902991484539,False,50,13,0.26,268
ten_percent,5,0.12383969742227487,-0.03980958056221338,False,-0.04179920510021983,-0.028999381928939482,False,50,22,0.44,268
original,50,0.07672098928156504,,True,,,True,50,50,1.0,268
half,25,0.07424820378970395,,True,,,True,50,50,1.0,267
sqrt,7,0.09326808437064349,0.02604777347367975,False,0.015497212672820938,0.007407407407407408,False,50,32,0.64,267
log,3,0.2976257758515444,0.18210270333316206,False,0.16310181296942017,0.13413662380263044,False,50,13,0.26,267
ten_percent,5,0.12212399977206895,0.03906578127487814,False,-0.017221709058644587,0.029325727958838133,False,50,23,0.46,267
original,50,0.07424820378970395,,True,,,True,50,50,1.0,267
half,25,0.07459532122307032,-0.23263621176954388,False,-0.22514780141555202,-0.19183673469387755,False,50,49,0.98,270
sqrt,7,0.09437056670432167,-0.2023542794611252,False,-0.17305440305919034,-0.15275007620805092,False,50,29,0.58,270
log,3,0.20573812599432653,0.046805102948396876,False,0.03031328737396166,0.041123144681223266,False,50,12,0.24,270
ten_percent,5,0.1155374979031426,-0.036948110080440154,False,0.020765988952835983,-0.025374459187822048,False,50,22,0.44,270
original,50,0.08984141490841172,-0.030618621784789725,False,-0.030340272105186035,-0.025253813613805267,False,49,48,0.9795918367346939,270
half,25,0.07411078349127882,,True,,,True,50,50,1.0,274
sqrt,7,0.09555605434633165,-0.1297800903731898,False,-0.1886047223466137,-0.09471141280884336,False,50,27,0.54,274
log,3,0.23275620398032854,-0.21676386498603598,False,-0.20498060671473778,-0.15879465809728371,False,50,15,0.3,274
ten_percent,5,0.12073758237108269,-0.1202083049838924,False,-0.11094892350049311,-0.08160942667466478,False,50,21,0.42,274
original,50,0.07411078349127882,,True,,,True,50,50,1.0,274
half,25,0.07154581819528123,,True,,,True,50,50,1.0,271
sqrt,7,0.08245586421196943,0.3593875855500939,False,0.3668945427475448,0.2719380753858596,False,50,28,0.56,271
log,3,0.2771256194990872,0.19597599869798926,False,0.17305919795429697,0.13640641656755922,False,50,10,0.2,271
ten_percent,5,0.11086952265981757,0.35007589507254966,False,0.39260622627073843,0.2657644096269706,False,50,23,0.46,271
original,50,0.07154581819528123,,True,,,True,50,50,1.0,271
half,25,0.06431736588974724,,True,,,True,50,50,1.0,273
sqrt,7,0.08712764784656958,-0.05682892841642918,False,-0.029328208951006022,-0.04435145861179045,False,50,34,0.68,273
log,3,0.19639784209316263,0.00419877217349369,False,-0.013823117278588523,0.02664480280783113,False,50,16,0.32,273
ten_percent,5,0.12207324948614456,-0.08252991569676672,False,-0.12463926684844794,-0.04359098748368027,False,50,24,0.48,273
original,50,0.06431736588974724,,True,,,True,50,50,1.0,273
half,25,0.0695170497983204,,True,,,True,50,50,1.0,272
sqrt,7,0.0904272753446079,0.14358982187602012,False,0.06146776912699328,0.1024429567116061,False,50,27,0.54,272
log,3,0.285553069650982,0.16941765817466017,False,0.10947763510388345,0.1180921196589992,False,50,8,0.16,272
ten_percent,5,0.12841687943598937,0.13028803832002617,False,0.07297613906118013,0.09237110931308212,False,50,21,0.42,272
original,50,0.0894527542915903,-0.23263621176954388,False,-0.18048666724183735,-0.19183673469387755,False,50,49,0.98,272
half,25,0.0913103225052644,-0.03464794643376186,False,-0.04099966558959661,-0.028571428571428574,False,50,49,0.98,277
sqrt,7,0.10068283039900267,0.056425331633600674,False,0.10602219253267323,0.059885280139124315,False,50,28,0.56,277
log,3,0.20243192131569124,0.2178636010125986,False,0.23774497608276904,0.16302230272708296,False,50,10,0.2,277
ten_percent,5,0.12556105401207948,0.10132844949046659,False,0.1188513514891423,0.0769800358919501,False,50,23,0.46,277
original,50,0.09224777830537943,,True,,,True,50,50,1.0,277
half,25,0.07212894339991652,,True,,,True,50,50,1.0,278
sqrt,7,0.08756362797074686,0.4043339278838404,False,0.3910618940447327,0.3264658491505403,False,50,29,0.58,278
log,3,0.30662146437063736,0.31856622271878116,False,0.33445791494679306,0.22289139808883499,False,50,9,0.18,278
ten_percent,5,0.1672122431079339,0.3411074446993652,False,0.3724365838179253,0.2311688311688312,False,50,17,0.34,278
original,50,0.07053808043864725,,True,,,True,49,49,1.0,278
half,25,0.07395444089877973,,True,,,True,50,50,1.0,275
sqrt,7,0.07745655540166753,0.1803585136020735,False,0.26926957747760744,0.13011530367356708,False,50,30,0.6,275
log,3,0.26661227957407013,0.01566843778028204,False,0.12323310329310372,0.016634928849702343,False,50,10,0.2,275
ten_percent,5,0.13066927788420055,0.09774298087464785,False,0.19517365440559392,0.07568504987499712,False,50,19,0.38,275
original,50,0.08846335773429682,0.14288690166235204,False,0.11708179158817379,0.1178511301977579,False,49,48,0.9795918367346939,275
half,25,0.06605961099573475,-0.04454735970055096,False,-0.07059127020979795,-0.03673469387755102,False,50,49,0.98,279
sqrt,7,0.08437991005149773,-0.21040019025136655,False,-0.16062397058558078,-0.14637971663276297,False,50,30,0.6,279
log,3,0.2494074101972284,-0.22978623838446982,False,-0.2161173749720131,-0.1565586918784374,False,50,5,0.1,279
ten_percent,5,0.14082060678933164,-0.25387758376679526,False,-0.24846156601309685,-0.18209395067517367,False,50,11,0.22,279
original,50,0.06634016409795564,,True,,,True,50,50,1.0,279
half,25,0.06888326652999094,,True,,,True,50,50,1.0,276
sqrt,7,0.09928371853308704,-0.22326015994525708,False,-0.18476239313239887,-0.17074694419062766,False,50,35,0.7,276
log,3,0.25261706755263114,-0.08221023877530621,False,-0.02902000806731713,-0.03965044854543164,False,50,13,0.26,276
ten_percent,5,0.11540379922611387,-0.13480181091967355,False,-0.1332985938216033,-0.09857718476022473,False,50,27,0.54,276
original,50,0.06888326652999094,,True,,,True,50,50,1.0,276
half,25,0.05936048865481733,0.15309310892394862,False,0.1285728463394709,0.12626906806902635,False,49,48,0.9795918367346939,280
sqrt,7,0.1087374800947467,-0.130512424619552,False,-0.08226234889523946,-0.09471141280884336,False,50,27,0.54,280
log,3,0.31873976110354774,-0.1555209008529617,False,-0.028235302528578247,-0.1166346565568597,False,50,6,0.12,280
ten_percent,5,0.14699924528296307,0.025441532467887155,False,0.13286988777565664,0.0305441419328485,False,50,14,0.28,280
original,50,0.06419752366149409,,True,,,True,49,49,1.0,280
half,25,0.08717929878129434,0.16291605833344347,False,0.061165827022750766,0.13634648503222885,False,50,48,0.96,288
sqrt,7,0.08795878162991137,0.006398768672593107,False,0.03274281433175853,0.006099154859698457,False,50,30,0.6,288
log,3,0.3024725875400243,0.19372708569236533,False,0.2582136880000923,0.1386586963856827,False,50,11,0.22,288
ten_percent,5,0.12168175529191938,0.0053059198929885296,False,0.011104367177354224,0.013659755535250213,False,50,15,0.3,288
original,50,0.07693372981648207,,True,,,True,50,50,1.0,288
half,25,0.07133067570868297,,True,,,True,50,50,1.0,284
sqrt,7,0.07067429018212051,0.16532743603269104,False,0.2278940172216589,0.12066117389471022,False,50,35,0.7,284
log,3,0.23015291307869934,-0.19926015418423917,False,-0.1722304756861165,-0.13176191255004188,False,50,12,0.24,284
ten_percent,5,0.11652116073250789,-0.08207713532975586,False,-0.04461669038187647,-0.05542594429152046,False,50,25,0.5,284
original,50,0.07133067570868297,,True,,,True,50,50,1.0,284
half,25,0.08315551056823528,,True,,,True,49,49,1.0,281
sqrt,7,0.10671802580028787,-0.25455270471917935,False,-0.2778139489343826,-0.19153439153439156,False,50,32,0.64,281
log,3,0.28123793716695034,-0.2090784969184237,False,-0.22380797160249719,-0.1419998697925666,False,50,11,0.22,281
ten_percent,5,0.13394823369831663,-0.37088673542702705,False,-0.39715352316681884,-0.2573695146193379,False,50,22,0.44,281
original,50,0.08150092349088732,,True,,,True,50,50,1.0,281
half,25,0.06874334271399998,,True,,,True,50,50,1.0,282
sqrt,7,0.08725132321740653,0.1720349075505088,False,0.1253854985727724,0.13633776936385106,False,50,24,0.48,282
log,3,0.2339219672428886,0.13116284371446713,False,0.1734525126478921,0.10190578890995958,False,50,11,0.22,282
ten_percent,5,0.1145639148783831,0.22570841579141077,False,0.22453833310355906,0.16416636568695955,False,50,16,0.32,282
original,50,0.06874334271399998,,True,,,True,50,50,1.0,282
half,25,0.09705810098051014,-0.19303855870238745,False,-0.16491864221889999,-0.15918367346938775,False,50,49,0.98,283
sqrt,7,0.10041206530988926,0.122335780723475,False,0.15416207074244406,0.09555342613527583,False,50,30,0.6,283
log,3,0.2814642676948136,0.3513283863874501,False,0.33935656470443787,0.2559705944443489,False,50,12,0.24,283
ten_percent,5,0.1459166989784351,0.2240679574222519,False,0.2601287876797742,0.15859699701509206,False,50,24,0.48,283
original,50,0.07776232366121649,,True,,,True,50,50,1.0,283
half,25,0.0791990702707459,,True,,,True,50,50,1.0,286
sqrt,7,0.07606975647358775,0.38421088924925095,False,0.3345564432705612,0.2805409896370086,False,50,29,0.58,286
log,3,0.18511693431744328,0.4325605315407832,False,0.3974514521872925,0.3045491898915069,False,50,13,0.26,286
ten_percent,5,0.10623657076054954,0.3085362006338333,False,0.2979079957235258,0.2094333331822375,False,50,18,0.36,286
original,50,0.09844524558539657,-0.15344090563523108,False,-0.1453946724600632,-0.12653061224489795,False,50,49,0.98,286
half,25,0.0693101364463624,,True,,,True,49,49,1.0,285
sqrt,7,0.08710392464548303,-0.056061103324468516,False,0.0023300110168267404,-0.02901905000440047,False,50,31,0.62,285
log,3,0.21489210952455198,0.33596228986844345,False,0.3367364329579275,0.24549533035575766,False,50,13,0.26,285
ten_percent,5,0.13250263709647453,0.08597713137702225,False,0.05560917460568025,0.06726051649010834,False,50,21,0.42,285
original,50,0.06988509221313656,,True,,,True,50,50,1.0,285
half,25,0.08795172278192812,0.03464794643376186,False,-0.009835182105411504,0.028571428571428574,False,50,49,0.98,287
sqrt,7,0.0793058900102897,0.18468805089326873,False,0.24060919093827676,0.13680409287788792,False,50,31,0.62,287
log,3,0.2521937175558977,0.3004145662256639,False,0.28495425938180347,0.21216451133712894,False,50,11,0.22,287
ten_percent,5,0.12364644224649346,0.24909388769482932,False,0.2811129579444199,0.18028426292646066,False,50,20,0.4,287
original,50,0.08903219748070086,,True,,,True,50,50,1.0,287
half,25,0.07930438923571555,,True,,,True,50,50,1.0,289
sqrt,7,0.0859426298971061,0.11333412309931858,False,0.029427472456516016,0.0874212196556779,False,50,30,0.6,289
log,3,0.3043286966311959,0.21960242033754543,False,0.23332238132365526,0.15202339001321838,False,50,11,0.22,289
ten_percent,5,0.11965915193299916,0.12695892716499071,False,0.12278746315476957,0.08881060715737717,False,50,22,0.44,289
original,50,0.09864438349828163,-0.2128373852359657,False,-0.18677210319210205,-0.17551020408163268,False,50,49,0.98,289
half,25,0.09459706601930382,0.07297281779518822,False,-0.10839212394386823,0.06092076990801715,False,50,48,0.96,290
sqrt,7,0.07907995647253321,0.010329112916158996,False,-0.011284999770285239,0.020965696734438363,False,50,29,0.58,290
log,3,0.1742252174629192,0.18653886973592074,False,0.1503494615663596,0.134054845149724,False,50,14,0.28,290
ten_percent,5,0.10762317959165206,0.049282771564248956,False,-0.012388129155796436,0.038188292146984285,False,50,20,0.4,290
original,50,0.07618785432915061,,True,,,True,50,50,1.0,290
half,25,0.07112606375299825,-0.2227367985027548,False,-0.1740497633241045,-0.1836734693877551,False,50,49,0.98,293
sqrt,7,0.1177254430694286,-0.05665296353058008,False,-0.1333571404414811,-0.02566001196398337,False,50,23,0.46,293
log,3,0.27539162273884393,-0.06426470018804911,False,-0.03903610943362312,-0.03992382923928563,False,50,10,0.2,293
ten_percent,5,0.17184250757934394,-0.04916469277567611,False,-0.0891964918321669,-0.014611666055907394,False,50,16,0.32,293
original,50,0.07101780215213993,,True,,,True,50,50,1.0,293
half,25,0.0685992696420264,-0.14354149236844196,False,-0.14806617724246313,-0.11836734693877551,False,50,49,0.98,291
sqrt,7,0.09817819504834853,0.08161604765358792,False,0.07537435904078486,0.06090035718098764,False,50,29,0.58,291
log,3,0.30235873965351706,-0.17982392080838794,False,-0.14000721849712452,-0.12696458946158898,False,50,11,0.22,291
ten_percent,5,0.1465945030818193,0.01733449285547633,False,0.014900923547363991,-0.0036657159948547667,False,50,23,0.46,291
original,50,0.06700881690947055,,True,,,True,50,50,1.0,291
half,25,0.08611310870980698,,True,,,True,50,50,1.0,294
sqrt,7,0.09317047294123477,0.006766943777143894,False,-0.009202672965981682,0.008291157144114419,False,50,31,0.62,294
log,3,0.2084075234588883,0.1187373572411759,False,0.07137701646801625,0.08351902991484539,False,50,13,0.26,294
ten_percent,5,0.11812847626441812,0.015712987031491536,False,-0.02618379808061108,0.019937075076145894,False,50,22,0.44,294
original,50,0.08611310870980698,,True,,,True,50,50,1.0,294
half,25,0.09633760001267286,0.17350552344714176,False,0.12719756215826136,0.1431049438115632,False,49,48,0.9795918367346939,292
sqrt,7,0.0779963470382845,0.2087191578034819,False,0.1462187364781261,0.15451192311236092,False,50,30,0.6,292
log,3,0.31213595916461345,-0.11945245301236176,False,-0.10188376830009128,-0.07446830951640662,False,50,4,0.08,292
ten_percent,5,0.1123240898279229,0.14134676074016214,False,0.17841714563495387,0.1003552793630052,False,50,20,0.4,292
original,50,0.09817970870875842,-0.024748533166972755,False,-0.04164070301104758,-0.02040816326530612,False,50,49,0.98,292
half,25,0.07404978221325123,-0.10394383930128556,False,-0.1043548165403268,-0.08571428571428572,False,50,49,0.98,296
sqrt,7,0.09491852820058495,0.020818781991636524,False,0.06149440611549491,0.02296242975676583,False,50,29,0.58,296
log,3,0.22090139385588065,0.05221205574167831,False,0.1377703742036172,0.05489526520401773,False,50,10,0.2,296
ten_percent,5,0.13116307949469705,0.14230173619522704,False,0.17809646322922548,0.11407854171261006,False,50,24,0.48,296
original,50,0.07432290759525077,,True,,,True,50,50,1.0,296
half,25,0.06991432291308786,,True,,,True,49,49,1.0,299
sqrt,7,0.08929378348728462,0.07527349860823059,False,0.04925487099814577,0.05991946524641111,False,50,27,0.54,299
log,3,0.24038183989269268,0.08626720710995686,False,0.10455433101941897,0.06348229473079449,False,50,11,0.22,299
ten_percent,5,0.1559284308286292,-0.13359184284003575,False,-0.17051053439252975,-0.08917748917748919,False,50,17,0.34,299
original,50,0.06930436519676046,,True,,,True,50,50,1.0,299
half,25,0.07730680566804443,0.240272902003924,False,0.2381958677879705,0.1943662658970071,False,50,48,0.96,300
sqrt,7,0.09088365438870515,0.20438979078150574,False,0.20164171314469279,0.14627715968409055,False,50,28,0.56,300
log,3,0.28452985147634835,-0.03065454757404734,False,-0.013424798880165343,-0.020047040441303524,False,50,11,0.22,300
ten_percent,5,0.14717588306383902,0.1258125135099407,False,0.1353034156024995,0.08436948265031412,False,50,20,0.4,300
original,50,0.09574352260973396,0.03464794643376186,False,0.012575534502333383,0.028571428571428574,False,50,49,0.98,300
half,25,0.0715835834810405,0.17323973216880925,False,0.18869805616525237,0.14285714285714285,False,50,49,0.98,297
sqrt,7,0.09474485477930679,0.10722897792611631,False,-0.0009743104684687831,0.08548747339878579,False,50,25,0.5,297
log,3,0.30655200659588905,-0.034476157611049246,False,-0.17617533349085865,-0.014821467883823184,False,50,7,0.14,297
ten_percent,5,0.15838466432395193,0.019333881170970943,False,-0.04836328935186745,0.023206763735852922,False,50,16,0.32,297
original,50,0.07187701180453375,,True,,,True,50,50,1.0,297
half,25,0.0725867368487109,,True,,,True,50,50,1.0,298
sqrt,7,0.09244095447785051,0.22415938085368595,False,0.11025090715559228,0.17942975185898996,False,50,25,0.5,298
log,3,0.19885876896607735,0.34349530097666464,False,0.3478482414482803,0.2458996202367024,False,50,12,0.24,298
ten_percent,5,0.10938258885246549,0.2760063983998098,False,0.3459782388711196,0.2066205962436938,False,50,22,0.44,298
original,50,0.0725867368487109,,True,,,True,50,50,1.0,298
half,25,0.08144838897528361,,True,,,True,50,50,1.0,302
sqrt,7,0.07376933379463661,0.1990450418593589,False,0.19170991996815512,0.1580952380952381,False,50,26,0.52,302
log,3,0.4703975767533204,0.030026426717602684,False,0.08827926825783393,0.033606839617884465,False,50,5,0.1,302
ten_percent,5,0.11608395188957282,0.28481593847592557,False,0.27732996450876035,0.2066038024706595,False,50,15,0.3,302
original,50,0.08144838897528361,,True,,,True,50,50,1.0,302
half,25,0.1037687793668922,-0.19303855870238745,False,-0.18826194426020978,-0.15918367346938775,False,50,49,0.98,295
sqrt,7,0.11581424454645653,-0.34040286592084695,False,-0.31282528656819303,-0.2321219442769799,False,50,18,0.36,295
log,3,0.34768829716983857,-0.23450518921769484,False,-0.13413691958623533,-0.15974248719231654,False,50,7,0.14,295
ten_percent,5,0.16846030587542177,-0.2388637515127955,False,-0.18862781323390013,-0.17245441363253394,False,50,15,0.3,295
original,50,0.08425507463647355,,True,,,True,50,50,1.0,295
half,25,0.06807536887031362,,True,,,True,50,50,1.0,304
sqrt,7,0.081063017420034,-0.06748710563355695,False,-0.13697776224964583,-0.04492649300236793,False,50,29,0.58,304
log,3,0.17601559801400715,0.23431562901645792,False,0.2599128946629706,0.1502253652640605,False,50,12,0.24,304
ten_percent,5,0.0916707216947504,0.17100616902440816,False,0.30395774229107,0.12824338477447322,False,50,21,0.42,304
original,50,0.06807536887031362,,True,,,True,50,50,1.0,304
half,25,0.0846425529321905,,True,,,True,50,50,1.0,303
sqrt,7,0.10321108845747207,-0.0925597697327094,False,-0.05221593264259297,-0.07141502204773151,False,50,24,0.48,303
log,3,0.2847420577784093,-0.03635077565025434,False,-0.024493870802438065,-0.024952393274553515,False,50,10,0.2,303
ten_percent,5,0.16318203466682152,0.02016387101921969,False,0.010885062368742798,0.006016568375961868,False,50,16,0.32,303
original,50,0.0846425529321905,,True,,,True,50,50,1.0,303
half,25,0.08368189254107808,,True,,,True,50,50,1.0,307
sqrt,7,0.1194312500188427,-0.06085078438172425,False,-0.09640348390264397,-0.04292975998004046,False,50,29,0.58,307
log,3,0.29166933724628114,-0.07866932076140673,False,-0.16592888479964063,-0.03944464897994884,False,50,12,0.24,307
ten_percent,5,0.20305683849425235,-0.0748259808110619,False,-0.13405256916843222,-0.05104340572964922,False,50,19,0.38,307
original,50,0.08368189254107808,,True,,,True,50,50,1.0,307
half,25,0.07256541666083761,0.08414501276770736,False,0.01623119286631336,0.06938775510204082,False,50,49,0.98,305
sqrt,7,0.10206921221366795,-0.07123341601765608,False,-0.06964091617524214,-0.04492649300236793,False,50,29,0.58,305
log,3,0.2826497684119616,-0.22672422758278862,False,-0.19129526420516552,-0.15112488040277522,False,50,8,0.16,305
ten_percent,5,0.17792096008393712,-0.24949092915758259,False,-0.18116061216722693,-0.18561286183069103,False,50,20,0.4,305
original,50,0.07153131069753144,,True,,,True,50,50,1.0,305
half,25,0.06825504847359706,,True,,,True,50,50,1.0,301
sqrt,7,0.09639406620700237,-0.06090249399429504,False,-0.09873882216393218,-0.05389252143674373,False,50,31,0.62,301
log,3,0.2184035701505205,0.008026494927101117,False,-0.01957811398145219,0.0008392478506372094,False,50,12,0.24,301
ten_percent,5,0.13301892417205022,-0.030120741913402305,False,-0.02944753265018553,-0.021749536446704614,False,50,22,0.44,301
original,50,0.08566460034081841,0.024748533166972755,False,-0.010758599144774603,0.02040816326530612,False,50,49,0.98,301
half,25,0.07311881835598304,,True,,,True,50,50,1.0,306
sqrt,7,0.07339976802015132,0.13325727888680797,False,0.14164469099007082,0.09841269841269841,False,50,32,0.64,306
log,3,0.23294998333536765,0.04936777903957976,False,0.06355079868543062,0.057908101693967456,False,50,12,0.24,306
ten_percent,5,0.13040831367698405,0.1684695845191631,False,0.18893247321019088,0.11264751609301896,False,50,19,0.38,306
original,50,0.07311881835598304,,True,,,True,50,50,1.0,306
half,25,0.07884169726849298,-0.014849119900183652,False,-0.03491824423087595,-0.012244897959183673,False,50,49,0.98,308
sqrt,7,0.08453515129283781,0.34320429470197683,False,0.368940514990699,0.24392403634484916,False,50,24,0.48,308
log,3,0.27572140671631973,0.09182116787087362,False,0.09744828398392846,0.08140704151180932,False,50,12,0.24,308
ten_percent,5,0.18681766497816096,0.13681028214270388,False,0.14157323482872475,0.08551861104941365,False,50,18,0.36,308
original,50,0.07660139750642006,,True,,,True,50,50,1.0,308
half,25,0.08364859285093566,,True,,,True,49,49,1.0,313
sqrt,7,0.0839143322809383,0.07104579049030198,False,0.21163899736774303,0.05086434128098971,False,50,33,0.66,313
log,3,0.2917102851464366,0.28073561208185005,False,0.28519647264973225,0.2016267489863439,False,50,13,0.26,313
ten_percent,5,0.15202297164459894,0.25573580865190887,False,0.3019905318397899,0.19640070815111635,False,50,21,0.42,313
original,50,0.08360898300830055,,True,,,True,50,50,1.0,313
half,25,0.05875948125049433,,True,,,True,50,50,1.0,309
sqrt,7,0.09043458014120237,0.02711342657878435,False,0.07871380319748313,0.02439661943879383,False,50,30,0.6,309
log,3,0.24222573588484836,0.1376841769845798,False,0.09920778211235952,0.11185999532339302,False,50,9,0.18,309
ten_percent,5,0.15149566823901986,0.16287330198575523,False,0.18029964625570613,0.11087676007129728,False,50,16,0.32,309
original,50,0.05875948125049433,,True,,,True,50,50,1.0,309
half,25,0.07289509623698068,,True,,,True,50,50,1.0,311
sqrt,7,0.10641089489587552,-0.03310803770337244,False,-0.026822189170203396,-0.025364415184255126,False,50,25,0.5,311
log,3,0.20422599098790856,0.16116796153687035,False,0.1422056273026559,0.1164445019479164,False,50,10,0.2,311
ten_percent,5,0.1465547870900559,-0.023361510840681367,False,-0.03281235720739696,-0.0035202348779068424,False,50,19,0.38,311
original,50,0.07289509623698068,,True,,,True,50,50,1.0,311
half,25,0.07518148886980144,,True,,,True,50,50,1.0,312
sqrt,7,0.08091227442244067,-0.03119025235689549,False,0.01212301081409438,-0.022222222222222223,False,50,32,0.64,312
log,3,0.21474095888107453,-0.183782460810076,False,-0.08365242459263134,-0.12362341605470506,False,50,11,0.22,312
ten_percent,5,0.11205248797062861,-0.09006890431545278,False,-0.05030535143074862,-0.06008606139783012,False,50,21,0.42,312
original,50,0.07518148886980144,,True,,,True,50,50,1.0,312
half,25,0.06198337198091102,0.010206207261596574,False,-0.027912008078326726,0.008417937871268422,False,49,48,0.9795918367346939,310
sqrt,7,0.0944151012942471,-0.14432215612238236,False,-0.18480851550981517,-0.10824161463867815,False,50,27,0.54,310
log,3,0.33892735312535716,-0.1260279066925524,False,-0.17329556225865117,-0.0922224668326776,False,50,7,0.14,310
ten_percent,5,0.1414216435745666,-0.13587212753216585,False,-0.1633105169150148,-0.0985665765813916,False,50,19,0.38,310
original,50,0.061523028337192545,,True,,,True,50,50,1.0,310
half,25,0.07536097470224835,,True,,,True,48,48,1.0,314
sqrt,7,0.08274787002067702,0.06865862371944097,False,0.1558249347751635,0.062092042056506626,False,50,34,0.68,314
log,3,0.2181849378518654,0.22653089598475143,False,0.1904784561165378,0.15358235666660935,False,50,12,0.24,314
ten_percent,5,0.12868855342385507,0.24775186145497122,False,0.2051752952277351,0.16411566023586435,False,50,21,0.42,314
original,50,0.07596151170183736,,True,,,True,50,50,1.0,314
half,25,0.08791827966822761,0.2128373852359657,False,0.22679372254454647,0.17551020408163268,False,50,49,0.98,316
sqrt,7,0.10923555209555519,-0.15489203032316437,False,-0.11135326060898848,-0.110935027142968,False,50,28,0.56,316
log,3,0.254290798154076,-0.1803557714954927,False,-0.11212177415415313,-0.12476196637276757,False,50,10,0.2,316
ten_percent,5,0.15595463446838048,-0.20959217199575986,False,-0.16759113445256982,-0.13089583323889845,False,50,18,0.36,316
original,50,0.07482746853901905,,True,,,True,50,50,1.0,316
half,25,0.07352279449508214,,True,,,True,50,50,1.0,315
sqrt,7,0.07425127458115773,0.16472289584247266,False,0.29404396288013046,0.11597315854144086,False,50,27,0.54,315
log,3,0.30049697457380126,-0.013087646413947053,False,0.012259444283024171,-0.015690561353293598,False,50,8,0.16,315
ten_percent,5,0.12658462473519996,0.01829382636847083,False,0.10811398299120921,0.005235833329555938,False,50,18,0.36,315
original,50,0.07308209886862595,,True,,,True,49,49,1.0,315
half,25,0.06819282028487005,,True,,,True,49,49,1.0,318
sqrt,7,0.08853828676467743,-0.04203950833963104,False,0.038294328063839714,-0.025364415184255126,False,50,25,0.5,318
log,3,0.3857103190728511,-0.10987270064505175,False,-0.08691950165979341,-0.06639400022069859,False,50,5,0.1,318
ten_percent,5,0.1284733595514127,-0.11113991288372062,False,-0.03558523297262287,-0.07330166661378312,False,50,18,0.36,318
original,50,0.07037245799329164,,True,,,True,49,49,1.0,318
half,25,0.07959827080339094,-0.09404442603449646,False,-0.10442178650693866,-0.07755102040816327,False,50,49,0.98,317
sqrt,7,0.09451926798735563,0.1223200834839326,False,-0.06698446241864013,0.07421439998356129,False,50,25,0.5,317
log,3,0.22811903050520452,0.05575956678277987,False,0.07705607405044909,0.032901436027060305,False,50,13,0.26,317
ten_percent,5,0.1487681667673059,0.12737903024005853,False,0.12111378769659299,0.08852950610343893,False,50,16,0.32,317
original,50,0.07942306402702519,,True,,,True,50,50,1.0,317
half,25,0.06737353555295732,,True,,,True,49,49,1.0,321
sqrt,7,0.11826458166137646,0.17874186570140646,False,0.17428630095915362,0.13916779024972903,False,50,27,0.54,321
log,3,0.17778286025945675,0.21578846802379026,False,0.14765127511500784,0.15358444433364085,False,50,18,0.36,321
ten_percent,5,0.12942986629893663,0.22060587582608898,False,0.15782628280235547,0.16416180392790228,False,50,24,0.48,321
original,50,0.06699724709074983,,True,,,True,50,50,1.0,321
half,25,0.07010372530301623,,True,,,True,50,50,1.0,319
sqrt,7,0.07697421787349765,0.0009352686521255789,False,0.12058119885292486,-0.004145578572057209,False,50,31,0.62,319
log,3,0.2130647804274191,0.1312291927320853,False,0.15065191969522426,0.08982861578839266,False,50,10,0.2,319
ten_percent,5,0.12622245607199103,0.0661333256145293,False,0.10297902155393449,0.0246416441453479,False,50,19,0.38,319
original,50,0.07010372530301623,,True,,,True,50,50,1.0,319
half,25,0.0768981419796111,0.16334031890202017,False,0.1804984086461544,0.1346938775510204,False,50,49,0.98,320
sqrt,7,0.08993340054213236,0.17126419494511336,False,0.08780032541385877,0.1347313035918593,False,50,31,0.62,320
log,3,0.23983179198025262,0.2476774124629919,False,0.20957866920004395,0.16488991903226083,False,50,9,0.18,320
ten_percent,5,0.12143348918554717,0.19036724097698193,False,0.22417392921130705,0.12824338477447322,False,50,21,0.42,320
original,50,0.07808911337260413,,True,,,True,50,50,1.0,320
half,25,0.08281492152582516,,True,,,True,50,50,1.0,322
sqrt,7,0.10052212591725623,-0.13459257256357007,False,-0.05539968196713327,-0.10437584268729679,False,50,27,0.54,322
log,3,0.22697836141193384,-0.15781057640875712,False,-0.12920744773569906,-0.10858813572372741,False,50,11,0.22,322
ten_percent,5,0.12537827931113418,-0.12648801112681815,False,-0.051549058880259985,-0.09504634170348475,False,50,19,0.38,322
original,50,0.08281492152582516,,True,,,True,50,50,1.0,322
half,25,0.06802938655008069,,True,,,True,50,50,1.0,323
sqrt,7,0.07878462773878316,-0.19304202222065023,False,-0.1455131968217245,-0.14875661016339603,False,50,29,0.58,323
log,3,0.37595587631963684,0.015805911024146052,False,0.10141974404414265,0.010655827195914588,False,50,5,0.1,323
ten_percent,5,0.09044843413373366,-0.05311110881168949,False,-0.08194003670042137,-0.03665083330689156,False,50,18,0.36,323
original,50,0.06802938655008069,,True,,,True,50,50,1.0,323
half,25,0.0850794309200152,,True,,,True,48,48,1.0,324
sqrt,7,0.13906358966093527,-0.21072630632917289,False,-0.16634538578929503,-0.16052843268972522,False,50,21,0.42,324
log,3,0.3204355282084449,-0.13072214163166126,False,-0.17260340626311507,-0.08377982372394147,False,50,6,0.12,324
ten_percent,5,0.2226349099827416,-0.15615406144718008,False,-0.20016067158779918,-0.11478100906294618,False,50,10,0.2,324
original,50,0.08669657937050929,,True,,,True,50,50,1.0,324
half,25,0.08804393437176922,-0.14354149236844196,False,-0.12462733712796417,-0.11836734693877551,False,50,49,0.98,326
sqrt,7,0.10934657157025572,0.05025235490170793,False,0.019435618003075496,0.04227402530709188,False,50,25,0.5,326
log,3,0.3367821039692164,-0.18776763664037285,False,-0.1796521606105948,-0.13009955142467017,False,50,7,0.14,326
ten_percent,5,0.18145850935233063,0.037570048413027655,False,0.05181333368395756,0.01687389653006282,False,50,20,0.4,326
original,50,0.08599914445621365,,True,,,True,50,50,1.0,326
half,25,0.07990317157504727,,True,,,True,50,50,1.0,325
sqrt,7,0.1002232263064603,-0.04388739881609834,False,-0.06415675598445554,-0.025364415184255126,False,50,25,0.5,325
log,3,0.29934970826271734,-0.022930567082948796,False,0.00046517151239390374,-0.006682346813767841,False,50,11,0.22,325
ten_percent,5,0.15465531787165043,0.029147290553206192,False,-0.0032448029321012896,0.012892646519918288,False,50,16,0.32,325
original,50,0.07990317157504727,,True,,,True,50,50,1.0,325
half,25,0.08360907502927298,0.17323973216880925,False,0.13208497023440105,0.14285714285714285,False,50,49,0.98,327
sqrt,7,0.07800154267214097,0.42849326861891135,False,0.29277747499229234,0.3085714285714286,False,50,26,0.52,327
log,3,0.204154787952682,0.21039426458524152,False,0.15679570622699188,0.1442601425801875,False,50,13,0.26,327
ten_percent,5,0.1136731363653578,0.32905213697377955,False,0.24997050386637135,0.22910724967842294,False,50,23,0.46,327
original,50,0.07916150135186945,,True,,,True,50,50,1.0,327
half,25,0.0755401356089006,,True,,,True,50,50,1.0,334
sqrt,7,0.07737682798365582,0.17947503413147786,False,0.1685812648649399,0.13305437583537133,False,50,34,0.68,334
log,3,0.23239677648201235,0.19749252618177585,False,0.19420206107801904,0.12863517616503095,False,50,11,0.22,334
ten_percent,5,0.11497755160241746,0.17221312634854966,False,0.16872461496057056,0.1287009214904797,False,50,25,0.5,334
original,50,0.0755401356089006,,True,,,True,50,50,1.0,334
half,25,0.07494555039024232,,True,,,True,50,50,1.0,331
sqrt,7,0.0872017278730098,0.00861651388342797,False,-0.05434553086045718,-0.0009983665111637317,False,50,29,0.58,331
log,3,0.25155936589190026,0.017682225782549656,False,0.04428080739186809,0.026152423508688957,False,50,13,0.26,331
ten_percent,5,0.09775286235939813,0.05371056685093812,False,-0.04030773683567378,0.0419047619047619,False,50,26,0.52,331
original,50,0.07494555039024232,,True,,,True,50,50,1.0,331
half,25,0.07576760696110045,,True,,,True,50,50,1.0,329
sqrt,7,0.08468904857474423,-0.016438937911687164,False,-0.13329341129266603,-0.016233300408826503,False,50,33,0.66,329
log,3,0.17722275562386497,0.025229115901216875,False,-0.06917600676346951,0.019913419913419914,False,50,17,0.34,329
ten_percent,5,0.12064234985915596,0.04055484459429562,False,-0.08514273248161063,0.02857142857142857,False,50,26,0.52,329
original,50,0.09003898660331117,0.20293797196917657,False,0.1960985850649345,0.1673469387755102,False,50,49,0.98,329
half,25,0.07944466301385329,-0.03464794643376186,False,-0.04540814133296926,-0.028571428571428574,False,50,49,0.98,328
sqrt,7,0.0980620930455058,0.01643024697026327,False,0.005756556926952593,0.004991832555818658,False,50,29,0.58,328
log,3,0.2439154397265316,0.12247657620691042,False,0.06076323982331803,0.08812102431690699,False,50,12,0.24,328
ten_percent,5,0.1641737239199886,0.019607864278542293,False,-0.014125630090531787,0.01584105695058079,False,50,19,0.38,328
original,50,0.07067050157602175,,True,,,True,50,50,1.0,328
half,25,0.07743383002753794,,True,,,True,50,50,1.0,332
sqrt,7,0.10105288167279555,-0.11998946648740513,False,-0.1532709510412026,-0.07254762501100116,False,50,31,0.62,332
log,3,0.19711572577168016,-0.11148613841178812,False,-0.09071675761465374,-0.08037347812125276,False,50,9,0.18,332
ten_percent,5,0.1362434466412846,-0.0803883683391659,False,-0.0690731728874721,-0.04932437875941278,False,50,21,0.42,332
original,50,0.07743383002753794,,True,,,True,50,50,1.0,332
half,25,0.07359747101569329,,True,,,True,50,50,1.0,333
sqrt,7,0.08365090663100473,0.20902971754982363,False,0.08449066472159714,0.15156036382437746,False,50,21,0.42,333
log,3,0.27514148688814266,0.15386531845600995,False,0.19535849668778976,0.12346029113470786,False,50,9,0.18,333
ten_percent,5,0.1721920775634031,0.0956777970425632,False,0.015685977896418513,0.08183177678525254,False,50,13,0.26,333
original,50,0.07356899049931184,,True,,,True,46,46,1.0,333
half,25,0.0700202487663408,,True,,,True,50,50,1.0,330
sqrt,7,0.08660600983528238,0.03448827860821369,False,-0.008079928472222166,0.03456187753829126,False,50,30,0.6,330
log,3,0.14895981950943388,0.18911215450843602,False,0.18264642210212473,0.15102381289019537,False,50,14,0.28,330
ten_percent,5,0.10689009449957874,-0.02068610727823115,False,-0.013346867138142359,-0.012212496199826542,False,50,25,0.5,330
original,50,0.0700202487663408,,True,,,True,50,50,1.0,330
half,25,0.061585905668809976,,True,,,True,50,50,1.0,335
sqrt,7,0.06747831524807638,0.030887000989779,False,0.05502613304250689,0.02705550068137751,False,50,33,0.66,335
log,3,0.24274878953284812,0.04124072209718592,False,0.06169577866811369,0.022881526706394477,False,50,19,0.38,335
ten_percent,5,0.10049777545266128,0.16882532714169296,False,0.1636346917401319,0.12118553921366336,False,50,25,0.5,335
original,50,0.07688946172112338,0.19303855870238745,False,0.19551161933705777,0.15918367346938775,False,50,49,0.98,335
half,25,0.06526424785648074,,True,,,True,50,50,1.0,336
sqrt,7,0.07121687517857561,0.11285952282371667,False,0.20203862208967005,0.0838095238095238,False,50,26,0.52,336
log,3,0.18678913152615134,0.10490144375587412,False,0.11574404383497616,0.0870809415372201,False,50,15,0.3,336
ten_percent,5,0.09796551008719627,0.2437834581305044,False,0.22973229470716272,0.17673186365697377,False,50,20,0.4,336
original,50,0.06526424785648074,,True,,,True,50,50,1.0,336
half,25,0.07803390265744176,,True,,,True,50,50,1.0,337
sqrt,7,0.0963946906738078,-0.09655273438119946,False,-0.07370817915283366,-0.07669320358305838,False,50,31,0.62,337
log,3,0.21559284427363562,-0.11407353687791162,False,-0.09166888024980661,-0.08352933517209801,False,50,11,0.22,337
ten_percent,5,0.14406271274823892,-0.19410143192568372,False,-0.14713416355078202,-0.14136749989801034,False,50,18,0.36,337
original,50,0.07803390265744176,,True,,,True,50,50,1.0,337
half,25,0.06804451707094616,,True,,,True,50,50,1.0,339
sqrt,7,0.08361378005349893,0.2631405860656849,False,0.29594376442770537,0.1844782464565458,False,50,31,0.62,339
log,3,0.24662647702218962,0.2688221817318544,False,0.22570502212934768,0.19462866754151742,False,50,10,0.2,339
ten_percent,5,0.1420306908796776,0.16887695966114227,False,0.20545057339169565,0.11418506634519922,False,50,22,0.44,339
original,50,0.06804451707094616,,True,,,True,50,50,1.0,339
half,25,0.08609481368621998,,True,,,True,50,50,1.0,343
sqrt,7,0.10626576785138367,0.19816454076344192,False,0.053612425810178714,0.13523809523809524,False,50,26,0.52,343
log,3,0.295498957076255,-0.0712054451523147,False,-0.0998326988319714,-0.028399973958513323,False,50,11,0.22,343
ten_percent,5,0.14204421706176074,0.1650182086267049,False,0.044807734669460135,0.09954556440536033,False,50,21,0.42,343
original,50,0.08846947346317707,,True,,,True,48,48,1.0,343
half,25,0.0805753957320604,-0.15344090563523108,False,-0.15912786425990127,-0.12653061224489795,False,50,49,0.98,338
sqrt,7,0.09410319070468881,0.07655180116266784,False,0.08848185895449956,0.05714285714285714,False,50,26,0.52,338
log,3,0.21925515234551982,0.2123828302120087,False,0.20945336122102862,0.1468423720039398,False,50,15,0.3,338
ten_percent,5,0.13494950464395802,0.1590647360155266,False,0.17654883806391097,0.1163410760756963,False,50,20,0.4,338
original,50,0.07592054153248283,,True,,,True,50,50,1.0,338
half,25,0.07457536241369103,-0.04454735970055096,False,-0.0525548681677555,-0.03673469387755102,False,50,49,0.98,342
sqrt,7,0.08572265267279258,0.09435350295952492,False,-0.029777591254557558,0.08885461949357211,False,50,29,0.58,342
log,3,0.19923215300958172,0.10352579862276333,False,0.1130173774276359,0.0700210048781027,False,50,13,0.26,342
ten_percent,5,0.12176868545167718,0.02414588372827735,False,-0.035404307799558096,0.026179166647779688,False,50,18,0.36,342
original,50,0.07460888280237739,,True,,,True,50,50,1.0,342
half,25,0.08920932671279201,-0.004949706633394551,False,-0.03553435758985486,-0.004081632653061224,False,50,49,0.98,340
sqrt,7,0.09103832642509645,0.07140258902031603,False,0.10896417240710497,0.06571812317348316,False,50,27,0.54,340
log,3,0.3014474137293728,-0.0764191319838062,False,-0.04830167496212466,-0.04844701439981685,False,50,11,0.22,340
ten_percent,5,0.1586585939902475,0.0008328057676129842,False,-0.04203298678981266,0.0025974025974025974,False,50,17,0.34,340
original,50,0.07156513962528184,,True,,,True,50,50,1.0,340
half,25,0.06304240400037102,,True,,,True,50,50,1.0,348
sqrt,7,0.08322104197828498,0.2824968337269867,False,0.2900065961690277,0.19143655126441378,False,50,28,0.56,348
log,3,0.25374854698787347,0.3993756137576496,False,0.397796860734206,0.279235692029507,False,50,9,0.18,348
ten_percent,5,0.13969228720301824,0.314289904088433,False,0.32333503106753275,0.22514083317090533,False,50,18,0.36,348
original,50,0.06304240400037102,,True,,,True,50,50,1.0,348
half,25,0.071264963844581,,True,,,True,49,49,1.0,341
sqrt,7,0.09109669881327424,0.000680024657336343,False,-0.10886211223388473,0.0,False,50,27,0.54,341
log,3,0.20862423619972292,0.10535901804449453,False,0.08758746485216554,0.07126966450997983,False,50,14,0.28,341
ten_percent,5,0.11856470005653436,0.06564870617861152,False,-0.01174560817879998,0.049487165930539354,False,50,23,0.46,341
original,50,0.07165474468088498,,True,,,True,50,50,1.0,341
half,25,0.07074164699797329,,True,,,True,50,50,1.0,344
sqrt,7,0.07660532475500599,0.07098411230810904,False,0.037651588006915905,0.05025503536795771,False,50,27,0.54,344
log,3,0.29514374940665655,0.1598906214468605,False,0.18936127088203053,0.094969187138356,False,50,8,0.16,344
ten_percent,5,0.12906564226564515,0.22698627945876615,False,0.2704374110148387,0.15708718865537744,False,50,15,0.3,344
original,50,0.07074164699797329,,True,,,True,50,50,1.0,344
half,25,0.06433710447444961,,True,,,True,50,50,1.0,345
sqrt,7,0.10060684169547984,0.21960844758576606,False,0.11801053174258713,0.12286254345526457,False,50,21,0.42,345
log,3,0.2961589237753394,-0.011991381626149131,False,-0.09069022551014976,-0.0024857776738531783,False,50,9,0.18,345
ten_percent,5,0.15870070243910328,0.0567284558667552,False,0.017318962824408625,0.02952692976787463,False,50,13,0.26,345
original,50,0.06433710447444961,,True,,,True,50,50,1.0,345
half,25,0.08557684816202989,,True,,,True,48,48,1.0,346
sqrt,7,0.10144030807841084,0.1682093636495372,False,0.0995055391468932,0.12306438478286745,False,50,25,0.5,346
log,3,0.225335708640164,0.030437109857453522,False,0.05541470225536458,0.014821467883823184,False,50,7,0.14,346
ten_percent,5,0.1504752872670134,0.02769787540468324,False,0.003270928100526821,0.017074694419062765,False,50,15,0.3,346
original,50,0.0827834372842577,,True,,,True,50,50,1.0,346
half,25,0.06754763407105836,,True,,,True,50,50,1.0,347
sqrt,7,0.06678841694299166,0.20104683144873467,False,0.22174035059620548,0.15523010514126656,False,50,34,0.68,347
log,3,0.19346626043829665,0.13801787640031707,False,0.09541576679115063,0.0968940287996337,False,50,11,0.22,347
ten_percent,5,0.07746497603717228,0.2562646766377496,False,0.1868346842883134,0.1952214835447588,False,50,27,0.54,347
original,50,0.06754763407105836,,True,,,True,50,50,1.0,347
half,25,0.10102955184158988,-0.19303855870238745,False,-0.16002332382562579,-0.15918367346938775,False,50,49,0.98,351
sqrt,7,0.08956719001560116,-0.18931220095630377,False,-0.08038531497250832,-0.13728916023836688,False,50,19,0.38,351
log,3,0.2815343236785196,-0.0025484467969115903,False,-0.08111946471976456,0.0,False,50,7,0.14,351
ten_percent,5,0.14511912705080612,-0.229772046264748,False,-0.19661279815146784,-0.14932190196896597,False,50,13,0.26,351
original,50,0.08169900574194651,,True,,,True,50,50,1.0,351
half,25,0.07004256687373843,,True,,,True,50,50,1.0,349
sqrt,7,0.12818187248308857,-0.11871131488446658,False,-0.0949685478359655,-0.08340304044773433,False,50,21,0.42,349
log,3,0.28321858662532656,-0.21477812403432767,False,-0.15580385333469543,-0.1413968952224699,False,50,10,0.2,349
ten_percent,5,0.19939023331094358,-0.1439933848970309,False,-0.05926832280771352,-0.10490598132965119,False,50,12,0.24,349
original,50,0.08960681635324011,-0.2128373852359657,False,-0.14597262458323962,-0.17551020408163268,False,50,49,0.98,349
half,25,0.07082872617552519,,True,,,True,49,49,1.0,352
sqrt,7,0.07841887742178935,0.04650776748260191,False,-0.030915522667881293,0.04492649300236793,False,50,29,0.58,352
log,3,0.2231086917398026,0.00024079079570580585,False,-0.013485970728415219,-0.004142962789755297,False,50,9,0.18,352
ten_percent,5,0.09401136890050023,0.10753378880875389,False,0.05493609748645073,0.0690541302631779,False,50,21,0.42,352
original,50,0.0709724209854862,,True,,,True,50,50,1.0,352
half,25,0.08124878981415362,,True,,,True,50,50,1.0,354
sqrt,7,0.07601950514801356,0.24851806137080007,False,0.2750707966525719,0.18505962466062217,False,50,33,0.66,354
log,3,0.21444507934734525,0.1291561378873095,False,0.15258319529776265,0.09315560155833313,False,50,10,0.2,354
ten_percent,5,0.1107420392064018,0.2511485890589107,False,0.2815976221466488,0.18305221365115582,False,50,19,0.38,354
original,50,0.08124878981415362,,True,,,True,50,50,1.0,354
half,25,0.0746224254467972,,True,,,True,50,50,1.0,353
sqrt,7,0.08542654901706602,-0.04901908053199357,False,-0.05983372810549968,-0.026946260718371865,False,50,31,0.62,353
log,3,0.21024149771615666,0.21998861936210035,False,0.25011297217747586,0.15870573682698624,False,50,11,0.22,353
ten_percent,5,0.09439472889005002,0.12942075613891488,False,0.0939401086292954,0.08810944278616226,False,50,24,0.48,353
original,50,0.07589147779807118,,True,,,True,49,49,1.0,353
half,25,0.07629766889709223,,True,,,True,50,50,1.0,355
sqrt,7,0.08458738521152226,0.06244293648014894,False,0.033426574605004714,0.04767415357865791,False,50,31,0.62,355
log,3,0.2471589868863668,0.2652333867382448,False,0.23059216968168028,0.16281992700570866,False,50,13,0.26,355
ten_percent,5,0.13648308935226272,0.2022524035784148,False,0.18908100121636004,0.13904927767732028,False,50,19,0.38,355
original,50,0.07629766889709223,,True,,,True,50,50,1.0,355
half,25,0.07449237762672234,,True,,,True,50,50,1.0,350
sqrt,7,0.07635314964785446,0.24732181601639838,False,0.15407868437011973,0.19071127203069893,False,50,34,0.68,350
log,3,0.1808222856857177,0.09117420146392215,False,0.06534729474322548,0.0580539610248134,False,50,15,0.3,350
ten_percent,5,0.09985764339725468,0.19339028845742987,False,0.14394936920497456,0.1403868042605701,False,50,28,0.56,350
original,50,0.07869581950372054,0.19303855870238745,False,0.1937944358318868,0.15918367346938775,False,50,49,0.98,350
half,25,0.0683085028409403,,True,,,True,50,50,1.0,356
sqrt,7,0.0775017484666988,0.27583367366528694,False,0.2267559712419089,0.19929035849577437,False,50,28,0.56,356
log,3,0.25933742659658576,0.022778809273769237,False,0.10411118557667029,0.007457333021559534,False,50,9,0.18,356
ten_percent,5,0.13082262958222624,0.18765172133376162,False,0.19412924889246444,0.13765547169261777,False,50,20,0.4,356
original,50,0.0665801927757045,0.2227367985027548,False,0.3208532758939591,0.1836734693877551,False,50,49,0.98,356
half,25,0.06520949259426495,,True,,,True,50,50,1.0,358
sqrt,7,0.09338383532296024,-0.17978851094103954,False,-0.2910075864927254,-0.14259229495902967,False,50,21,0.42,358
log,3,0.20583110951112926,-0.06968485627726022,False,-0.01286732921104973,-0.04391540557140615,False,50,9,0.18,358
ten_percent,5,0.14233597314744284,-0.28580944539107045,False,-0.3075102325164751,-0.19854675640674166,False,50,16,0.32,358
original,50,0.06520949259426495,,True,,,True,50,50,1.0,358
half,25,0.08457798520374668,,True,,,True,49,49,1.0,357
sqrt,7,0.08412995849070541,0.18446877386713315,False,0.22552331861788458,0.13527750340688754,False,50,33,0.66,357
log,3,0.23189462412214568,0.23781382566174317,False,0.315393713461123,0.17631795204245138,False,50,13,0.26,357
ten_percent,5,0.117193733792381,0.18288229047985285,False,0.22752807853721008,0.14079868118596012,False,50,21,0.42,357
original,50,0.08763658387359324,,True,,,True,50,50,1.0,357
half,25,0.077179123482119,,True,,,True,50,50,1.0,359
sqrt,7,0.09065912466957929,0.23013876480072154,False,0.08279029633096663,0.1728093876914563,False,50,30,0.6,359
log,3,0.2627807268035929,0.2816944060005784,False,0.29595441057632477,0.19961914619642812,False,50,10,0.2,359
ten_percent,5,0.10966905417944497,0.2512776157399723,False,0.11927197566262046,0.17850806329171723,False,50,20,0.4,359
original,50,0.077179123482119,,True,,,True,50,50,1.0,359
half,25,0.07471705982672534,,True,,,True,50,50,1.0,362
sqrt,7,0.08459605063171016,0.1173267736507592,False,0.0764029734145997,0.09841269841269841,False,50,32,0.64,362
log,3,0.23151171032173484,0.14606002940928003,False,0.18190581720687093,0.09532980182199524,False,50,13,0.26,362
ten_percent,5,0.11335448878676481,0.13721034432250212,False,0.12861829169683572,0.10447290585336085,False,50,23,0.46,362
original,50,0.07471705982672534,,True,,,True,50,50,1.0,362
half,25,0.09664866464761278,-0.03464794643376186,False,-0.06996135307759066,-0.028571428571428574,False,50,49,0.98,361
sqrt,7,0.09556007038017716,0.08279345948859049,False,0.10067435216010413,0.0569068911363327,False,50,29,0.58,361
log,3,0.26347875184043573,0.06862537677615467,False,0.09547074071119072,0.05385851626681886,False,50,9,0.18,361
ten_percent,5,0.1372855756513274,0.058978504373914616,False,0.06465618538962203,0.04415287087629595,False,50,25,0.5,361
original,50,0.0788147847363952,,True,,,True,50,50,1.0,361
half,25,0.06488980003506162,,True,,,True,50,50,1.0,360
sqrt,7,0.07011878267106565,0.33359036929382135,False,0.299454901007613,0.2529100529100529,False,50,32,0.64,360
log,3,0.15595031864262426,0.3378546911694922,False,0.4255883335273108,0.25527440109438215,False,50,16,0.32,360
ten_percent,5,0.10002885248752723,0.3291523164587272,False,0.32251708811234275,0.2272296156064184,False,50,24,0.48,360
original,50,0.06488980003506162,,True,,,True,50,50,1.0,360
half,25,0.06182171220386735,,True,,,True,50,50,1.0,369
sqrt,7,0.0747358631420553,-0.08421004353019874,False,-0.01875936214688818,-0.06585021513492126,False,50,24,0.48,369
log,3,0.22528145734716556,-0.0411752260656928,False,0.01755180300167019,-0.02568636929648284,False,50,9,0.18,369
ten_percent,5,0.09679267263742738,-0.028184657046241818,False,0.048254045007184235,-0.03244191939621925,False,50,15,0.3,369
original,50,0.08055741337597168,-0.06434618623412916,False,-0.09494703478849205,-0.05306122448979592,False,50,49,0.98,369
half,25,0.07242060661883491,,True,,,True,50,50,1.0,363
sqrt,7,0.0792568909079251,0.15461558142374787,False,0.0964788336203007,0.11081868273917421,False,50,29,0.58,363
log,3,0.2244455883502691,0.26140846474561635,False,0.23952892762190955,0.17541160386140583,False,50,11,0.22,363
ten_percent,5,0.13501739881861063,0.2065848189425855,False,0.23703463889170495,0.13939393939393938,False,50,17,0.34,363
original,50,0.07242060661883491,,True,,,True,50,50,1.0,363
half,25,0.09580520641679242,0.014849119900183652,False,-0.012904089613576515,0.012244897959183673,False,50,49,0.98,364
sqrt,7,0.08313850454697232,0.13429357528461988,False,0.0017873351069731327,0.0849843607271728,False,50,31,0.62,364
log,3,0.22182875707643387,0.27459999295733756,False,0.2946036961117059,0.1643379847002856,False,50,8,0.16,364
ten_percent,5,0.09509984589701263,0.21162309964749002,False,0.20115176697237808,0.14120787096210466,False,50,20,0.4,364
original,50,0.07876662116271285,,True,,,True,50,50,1.0,364
half,25,0.07629953811751099,,True,,,True,50,50,1.0,368
sqrt,7,0.09192767995745489,0.010735091210516341,False,-0.08768378911624902,0.0049086295196003535,False,50,28,0.56,368
log,3,0.18449274165554422,0.19921108342698665,False,0.19037497253798935,0.13066105160162972,False,50,14,0.28,368
ten_percent,5,0.11823617318830822,0.1271028982638888,False,0.08300874185259578,0.08792188191980102,False,50,20,0.4,368
original,50,0.07629953811751099,,True,,,True,50,50,1.0,368
half,25,0.07028661809782466,,True,,,True,50,50,1.0,365
sqrt,7,0.08170543335741083,0.0868854919156569,False,0.06069932896424375,0.06184873194696446,False,50,28,0.56,365
log,3,0.23173694475710213,0.26226554315302864,False,0.19136145624326587,0.2079366106212793,False,50,10,0.2,365
ten_percent,5,0.13293194464022717,0.261719741755381,False,0.22163224818447377,0.18848999986401377,False,50,18,0.36,365
original,50,0.08551026254097352,0.20293797196917657,False,0.1849617184607104,0.1673469387755102,False,50,49,0.98,365
half,25,0.06691697631342389,,True,,,True,49,49,1.0,366
sqrt,7,0.08412083414500957,0.0038501065741873776,False,-0.01846378710153056,0.0,False,50,30,0.6,366
log,3,0.22433964871910972,0.14228136198177627,False,0.14348931062336162,0.09532980182199524,False,50,13,0.26,366
ten_percent,5,0.10235614978287924,0.09398933431250876,False,0.0035367251130323835,0.0580838754854629,False,50,19,0.38,366
original,50,0.06749786955601246,,True,,,True,50,50,1.0,366
half,25,0.07067184881269933,,True,,,True,50,50,1.0,370
sqrt,7,0.09151196583499774,-0.0006257035191299613,False,-0.045961973698904465,0.003246660081765301,False,50,33,0.66,370
log,3,0.2218654193139626,0.1240458166420483,False,0.11075241031625266,0.09980957309821406,False,50,10,0.2,370
ten_percent,5,0.11540492018512793,0.06791345084395083,False,0.001471798796715576,0.052911606305551896,False,50,21,0.42,370
original,50,0.07067184881269933,,True,,,True,50,50,1.0,370
half,25,0.07997843627468933,,True,,,True,50,50,1.0,367
sqrt,7,0.08497823789427864,0.06646643715557442,False,-0.04332757876590183,0.041686611522850504,False,50,22,0.44,367
log,3,0.2745079159980236,-0.14400499584523835,False,-0.15534730274941072,-0.08483813713348194,False,50,10,0.2,367
ten_percent,5,0.138559393881444,0.02831730070495744,False,-0.08647088201578705,0.021487744199863816,False,50,16,0.32,367
original,50,0.0791975331027145,,True,,,True,48,48,1.0,367
half,25,0.06932965049672161,,True,,,True,50,50,1.0,371
sqrt,7,0.0900413161919738,0.08022456093949396,False,0.08322561046762801,0.07288075531495242,False,50,29,0.58,371
log,3,0.30599593061615815,-0.11437255708070641,False,-0.0782191653087169,-0.0768011687292792,False,50,8,0.16,371
ten_percent,5,0.13259721435402944,0.057982428183299434,False,0.0626630806180068,0.045311534263967945,False,50,22,0.44,371
original,50,0.06932965049672161,,True,,,True,50,50,1.0,371
half,25,0.10589006448471862,-0.13364207910165288,False,-0.11613518410807613,-0.11020408163265306,False,50,49,0.98,372
sqrt,7,0.10376600671583605,-0.003384462253561802,False,0.020864383637679187,-0.006872081327440496,False,50,28,0.56,372
log,3,0.2542060193237123,0.06975719881023372,False,0.03420436157677783,0.07016464154456233,False,50,11,0.22,372
ten_percent,5,0.15759662582428444,-0.10001492484646886,False,-0.08432426288979707,-0.07392493243604369,False,50,19,0.38,372
original,50,0.08759551254390983,,True,,,True,50,50,1.0,372
half,25,0.07572159144711495,,True,,,True,50,50,1.0,373
sqrt,7,0.09623369393313806,-0.10345168532090848,False,0.01176642022776244,-0.06689055624797002,False,50,29,0.58,373
log,3,0.265164057293298,-0.18976854569067733,False,-0.16884476837544835,-0.13698810968224073,False,50,11,0.22,373
ten_percent,5,0.14283582083573518,-0.1255989895726273,False,-0.09004729724864506,-0.08624575450871763,False,50,19,0.38,373
original,50,0.07572159144711495,,True,,,True,50,50,1.0,373
half,25,0.06414479864404225,,True,,,True,50,50,1.0,374
sqrt,7,0.06895252788349553,0.07080533854621293,False,-0.0014444877775067638,0.05389252143674373,False,50,31,0.62,374
log,3,0.24068583130426194,-0.0049526418883376186,False,-0.09163164349499144,-0.008234148824346213,False,50,7,0.14,374
ten_percent,5,0.10050555699337582,0.09379177396713304,False,0.04900497121542021,0.07744516731395054,False,50,19,0.38,374
original,50,0.06414479864404225,,True,,,True,50,50,1.0,374
half,25,0.07365262057099617,,True,,,True,50,50,1.0,375
sqrt,7,0.09583057988682214,-0.1858705137710891,False,-0.11811337332138132,-0.13477947900710377,False,50,29,0.58,375
log,3,0.23551913584852124,0.23779098741811147,False,0.23806338958182094,0.1593830705887192,False,50,8,0.16,375
ten_percent,5,0.11821907663455514,0.0319553858645261,False,0.10787759883290943,0.02816187902325474,False,50,19,0.38,375
original,50,0.07365262057099617,,True,,,True,50,50,1.0,375
half,25,0.0758843069959704,-0.14354149236844196,False,-0.1352685389222669,-0.11836734693877551,False,50,49,0.98,377
sqrt,7,0.07249342798962206,0.31240559215535646,False,0.45024081510882086,0.23597883597883595,False,50,32,0.64,377
log,3,0.26218222451556267,0.20936580141173394,False,0.21013358354429626,0.14351138245896283,False,50,12,0.24,377
ten_percent,5,0.12849635224803108,0.21832317433145135,False,0.2557099849109118,0.1749556640222303,False,50,20,0.4,377
original,50,0.07268721292291999,,True,,,True,50,50,1.0,377
half,25,0.06672318439964546,0.014849119900183652,False,-0.027764859218659888,0.012244897959183673,False,50,49,0.98,379
sqrt,7,0.08023891000420534,-0.011388271234705578,False,-0.04368411126003529,-0.006218367858085815,False,50,31,0.62,379
log,3,0.1993462751889583,-0.17914556448740745,False,-0.14256787901424595,-0.1233694340436698,False,50,12,0.24,379
ten_percent,5,0.11812942499464166,-0.059183825537966535,False,-0.006364858950302513,-0.04603171644550004,False,50,25,0.5,379
original,50,0.06696224650254161,,True,,,True,50,50,1.0,379
half,25,0.1041231599965374,0.15344090563523108,False,0.1624374554045624,0.12653061224489795,False,50,49,0.98,378
sqrt,7,0.11787708933665775,-0.26365096005209904,False,-0.1837574957505926,-0.19110685227055166,False,50,30,0.6,378
log,3,0.2340834977233724,-0.06661112452330349,False,-0.07024318257507607,-0.05652297984136001,False,50,13,0.26,378
ten_percent,5,0.1487138828269965,-0.16661499806609245,False,-0.1174806431385386,-0.1174817021360559,False,50,21,0.42,378
original,50,0.09043289476373735,,True,,,True,50,50,1.0,378
half,25,0.10915386553553486,-0.05444677296734005,False,-0.05440341974339024,-0.044897959183673466,False,50,49,0.98,381
sqrt,7,0.08471955743711021,0.21337913573433115,False,0.3096750711472027,0.15474680923037842,False,50,29,0.58,381
log,3,0.20659184600565111,0.17373009803056816,False,0.20612403989486552,0.1233694340436698,False,50,12,0.24,381
ten_percent,5,0.13199703533106918,0.1969325655256192,False,0.2378846319942535,0.1518650687705654,False,50,20,0.4,381
original,50,0.09196278906555097,,True,,,True,50,50,1.0,381
half,25,0.07812997616482607,-0.19303855870238745,False,-0.1654731175932763,-0.15918367346938775,False,50,49,0.98,376
sqrt,7,0.08470377756088274,0.12883851777072408,False,0.0025438464149891964,0.08697986890608066,False,50,27,0.54,376
log,3,0.28585410988770327,0.0062989911395361945,False,0.03857937159728782,0.016468297648692426,False,50,7,0.14,376
ten_percent,5,0.13614769291845435,0.1621031932371391,False,0.12323512122520842,0.10995670995670996,False,50,17,0.34,376
original,50,0.09090746906674814,0.14354149236844196,False,0.11401747367797534,0.11836734693877551,False,50,49,0.98,376
half,25,0.08855564334580393,-0.05444677296734005,False,-0.07528319280932456,-0.044897959183673466,False,50,49,0.98,382
sqrt,7,0.10465180043167503,-0.18591179093016919,False,-0.12548748335035254,-0.1492063492063492,False,50,32,0.64,382
log,3,0.29303625308397985,0.10972879785166868,False,0.04521253152547019,0.06682346813767841,False,50,11,0.22,382
ten_percent,5,0.14101192282924252,-0.11420989750388166,False,-0.08218432217571814,-0.08548747339878579,False,50,25,0.5,382
original,50,0.07013836968007273,,True,,,True,50,50,1.0,382
half,25,0.08148145846870104,-0.23263621176954388,False,-0.19442342230876852,-0.19183673469387755,False,50,49,0.98,380
sqrt,7,0.0989009582909767,-0.14893513249297008,False,-0.1536584005238707,-0.10447290585336085,False,50,23,0.46,380
log,3,0.24857399348869694,-0.0165889461308396,False,-0.006450961231021193,-0.0065873190594769706,False,50,7,0.14,380
ten_percent,5,0.1591192081219362,-0.25513273059659874,False,-0.2164866995848486,-0.16204691023387013,False,50,11,0.22,380
original,50,0.08156563997783696,,True,,,True,50,50,1.0,380
half,25,0.0801902777036395,,True,,,True,50,50,1.0,384
sqrt,7,0.0764187947536486,-0.015706020145435238,False,0.011243771770091358,-0.016689340366641204,False,50,28,0.56,384
log,3,0.13184372451226792,0.12270980248547474,False,0.1602519216959733,0.08689353617403106,False,50,13,0.26,384
ten_percent,5,0.09507927919077085,0.12089912540836904,False,0.17688183949605638,0.08614568228505756,False,50,20,0.4,384
original,50,0.0801902777036395,,True,,,True,50,50,1.0,384
half,25,0.08044721153453355,0.04454735970055096,False,0.001156964245577065,0.03673469387755102,False,50,49,0.98,383
sqrt,7,0.08263483261928903,0.17216972150924087,False,0.10457850323220053,0.13477947900710377,False,50,29,0.58,383
log,3,0.17849442212377556,0.33189295571574706,False,0.2340707274766794,0.23874631783738628,False,50,13,0.26,383
ten_percent,5,0.10075409930123039,0.18188583028238867,False,0.14216219502958832,0.1301329178173442,False,50,23,0.46,383
original,50,0.09808254644289516,-0.07424559950091826,False,-0.09398577821829243,-0.061224489795918366,False,50,49,0.98,383
half,25,0.06811343791832247,,True,,,True,50,50,1.0,385
sqrt,7,0.06321150956551072,0.05393986716614123,False,0.169112744867907,0.02650659940584191,False,50,28,0.56,385
log,3,0.18655759326342727,0.19942293700354843,False,0.18456468248403832,0.12511747625060995,False,50,9,0.18,385
ten_percent,5,0.10353342624839375,0.16422203709358466,False,0.1994666334567133,0.10912728121511212,False,50,19,0.38,385
original,50,0.06811343791832247,,True,,,True,50,50,1.0,385
half,25,0.06677291484303317,,True,,,True,50,50,1.0,386
sqrt,7,0.10467275139527125,-0.175067868067736,False,-0.18767105077909996,-0.13015873015873017,False,50,32,0.64,386
log,3,0.2905491808514062,0.11851482566029327,False,0.13146555349427352,0.08687050857898193,False,50,11,0.22,386
ten_percent,5,0.13802370200964886,-0.09918585874594649,False,-0.10625567917477445,-0.07238095238095238,False,50,26,0.52,386
original,50,0.06677291484303317,,True,,,True,50,50,1.0,386
half,25,0.07387902590305469,,True,,,True,49,49,1.0,389
sqrt,7,0.07924945595069138,0.1884394123201856,False,0.09512365893695632,0.15275007620805092,False,50,29,0.58,389
log,3,0.23637456142055202,0.186671357185391,False,0.09479536791644266,0.13973340233749967,False,50,10,0.2,389
ten_percent,5,0.10717477282298178,0.17074152849098412,False,0.10875189847863075,0.12672845560464632,False,50,19,0.38,389
original,50,0.0749980670497216,,True,,,True,49,49,1.0,389
half,25,0.09410449147764412,-0.11226827987756231,False,-0.1294250853355946,-0.09259731658395265,False,49,48,0.9795918367346939,390
sqrt,7,0.09765113155349094,0.1596399321410322,False,0.1332268171300721,0.12143491182743409,False,50,22,0.44,390
log,3,0.24571497980044948,-0.057934265446816895,False,0.012141045816547135,-0.03728666510779768,False,50,9,0.18,390
ten_percent,5,0.1323538360339738,0.14231180911268934,False,0.1623889323135084,0.1012987012987013,False,50,17,0.34,390
original,50,0.07499324530887332,,True,,,True,50,50,1.0,390
half,25,0.07181949945548981,,True,,,True,50,50,1.0,387
sqrt,7,0.08782225477168933,0.22250780635644182,False,0.19624219322022915,0.1580952380952381,False,50,26,0.52,387
log,3,0.28124010512799075,0.13212834127585446,False,0.09044496159295536,0.08519992187553997,False,50,11,0.22,387
ten_percent,5,0.13656497602806186,0.2458144597337657,False,0.23759453879788214,0.16545103926162158,False,50,19,0.38,387
original,50,0.07181949945548981,,True,,,True,50,50,1.0,387
half,25,0.07938005359317402,,True,,,True,50,50,1.0,392
sqrt,7,0.11764762840511195,-0.08742857940634864,False,-0.08433617011110138,-0.06095238095238095,False,50,26,0.52,392
log,3,0.2355331795717615,0.05485214326178258,False,0.09229520599538006,0.03562947999189556,False,50,9,0.18,392
ten_percent,5,0.16917215042056657,-0.09151982999531201,False,-0.09237743858754104,-0.0580838754854629,False,50,19,0.38,392
original,50,0.07938005359317402,,True,,,True,50,50,1.0,392
half,25,0.06973650528852283,,True,,,True,50,50,1.0,391
sqrt,7,0.09421419933106882,0.13302328489279389,False,0.12751804833259256,0.08504698293038997,False,50,27,0.54,391
log,3,0.27122306504931093,0.16705746971767688,False,0.24407349146343427,0.10322748562837676,False,50,12,0.24,391
ten_percent,5,0.1508526198340391,0.11980910762404551,False,0.18709991495036168,0.07264135780931702,False,50,21,0.42,391
original,50,0.0886335615036553,-0.11384325256807468,False,-0.10210333286488904,-0.09387755102040816,False,50,49,0.98,391
half,25,0.08115282951111544,,True,,,True,49,49,1.0,394
sqrt,7,0.079534445863286,0.09249198043286176,False,0.10277553512415685,0.07096233377886471,False,50,34,0.68,394
log,3,0.1964513787673787,0.08021659689193225,False,0.07370098581918222,0.06294358879779072,False,50,12,0.24,394
ten_percent,5,0.11833337293858066,-0.0027108667722062075,False,0.004748992413547495,0.0018124613705587176,False,50,22,0.44,394
original,50,0.08106141483963553,,True,,,True,50,50,1.0,394
half,25,0.08510259043594778,-0.09404442603449646,False,-0.08585932940593345,-0.07755102040816327,False,50,49,0.98,393
sqrt,7,0.08367561782991974,0.09171134371137293,False,0.05219275677345357,0.07047483572497257,False,50,31,0.62,393
log,3,0.2826035004592983,-0.056103660730375954,False,0.08297363044440725,-0.045420046022692,False,50,8,0.16,393
ten_percent,5,0.12740076623887464,-0.023003747861176583,False,0.07199108743226482,-0.02600739970950856,False,50,21,0.42,393
original,50,0.07988656482813986,,True,,,True,50,50,1.0,393
half,25,0.06708843943058201,0.09404442603449646,False,0.03510511599307579,0.07755102040816327,False,50,49,0.98,388
sqrt,7,0.09287617889524935,-0.06085078438172425,False,-0.020491591252985754,-0.040933026957713003,False,50,29,0.58,388
log,3,0.23434989307151974,0.21772303747718968,False,0.22388018934920384,0.1383749571778269,False,50,9,0.18,388
ten_percent,5,0.14542891356409374,-0.09449896033679096,False,-0.06491741649778032,-0.07186147186147186,False,50,17,0.34,388
original,50,0.06904782971739937,,True,,,True,49,49,1.0,388
half,25,0.08273095457761517,,True,,,True,49,49,1.0,396
sqrt,7,0.08406241224862455,-0.061350122402593396,False,-0.09748692897753568,-0.04359098748368027,False,50,24,0.48,396
log,3,0.21573803264000874,-0.12102145392173803,False,-0.12994458304586795,-0.07043036742584004,False,50,9,0.18,396
ten_percent,5,0.12262634017846455,-0.17866133144026783,False,-0.1838063325731277,-0.1238095238095238,False,50,17,0.34,396
original,50,0.08251002893154846,,True,,,True,49,49,1.0,396
half,25,0.07466384703719531,,True,,,True,50,50,1.0,395
sqrt,7,0.10159632935067756,-0.1984235116740057,False,0.002823308118366533,-0.15238095238095237,False,50,26,0.52,395
log,3,0.2819149204082082,-0.09032229686778358,False,-0.05362160931804703,-0.07016464154456233,False,50,11,0.22,395
ten_percent,5,0.1366538652353224,-0.21481807926760346,False,-0.10915180901814855,-0.15514759137051656,False,50,21,0.42,395
original,50,0.07466384703719531,,True,,,True,50,50,1.0,395
half,25,0.06848711028278097,,True,,,True,50,50,1.0,397
sqrt,7,0.09304797367283081,-0.06807063373632148,False,-0.07580649327814037,-0.05101073003409393,False,50,24,0.48,397
log,3,0.22928037146109415,-0.03026834854949241,False,-0.08542859053725944,-0.006682346813767841,False,50,11,0.22,397
ten_percent,5,0.14164042623039003,-0.023316840630656012,False,-0.11601030718461619,-0.015367224977156488,False,50,15,0.3,397
original,50,0.06848711028278097,,True,,,True,50,50,1.0,397
half,25,0.06452124187565692,,True,,,True,49,49,1.0,399
sqrt,7,0.07049015256116563,0.10243452561464728,False,0.2691692562338014,0.0874212196556779,False,50,30,0.6,399
log,3,0.2110947503789761,0.15905813046717238,False,0.27143879297355783,0.09672311612068692,False,50,14,0.28,399
ten_percent,5,0.11082104190956107,0.13838143791721896,False,0.26887405073275084,0.10480386352459299,False,50,24,0.48,399
original,50,0.06354794988375803,,True,,,True,50,50,1.0,399
half,25,0.072247782872186,,True,,,True,50,50,1.0,398
sqrt,7,0.10784797498319464,-0.041505347997283275,False,-0.03257745532677233,-0.02966972220081698,False,50,18,0.36,398
log,3,0.391379984010545,-0.054067062255742246,False,-0.029555862371832047,-0.044354024324439606,False,50,6,0.12,398
ten_percent,5,0.20099462765593004,-0.1504170026907076,False,-0.10526888292235069,-0.106463544638095,False,50,10,0.2,398
original,50,0.072247782872186,,True,,,True,50,50,1.0,398
half,25,0.06128873641152242,,True,,,True,50,50,1.0,401
sqrt,7,0.07058786087214647,0.10037844396820296,False,0.050385247505177415,0.0798326255012228,False,50,34,0.68,401
log,3,0.29242444669283046,0.15366386071281535,False,0.17711384188880075,0.08812102431690699,False,50,12,0.24,401
ten_percent,5,0.13532240744563434,0.04643614378316189,False,-0.0014005319441420551,0.041686611522850504,False,50,22,0.44,401
original,50,0.06128873641152242,,True,,,True,50,50,1.0,401
half,25,0.07803434486497618,,True,,,True,49,49,1.0,405
sqrt,7,0.08002227326227025,0.2574690987921362,False,0.1518507391174556,0.18907380065065216,False,50,30,0.6,405
log,3,0.29089108385058604,0.20629306234408265,False,0.16041193354067704,0.13640641656755922,False,50,10,0.2,405
ten_percent,5,0.13544026436051995,0.30304189644642915,False,0.2064865447452017,0.21758445525607323,False,50,20,0.4,405
original,50,0.0770364844628295,,True,,,True,50,50,1.0,405
half,25,0.08513750339925373,0.14354149236844196,False,0.15046374140270327,0.11836734693877551,False,50,49,0.98,404
sqrt,7,0.07281875054262725,0.17780029309894077,False,0.15293608021844493,0.12757047439558494,False,50,27,0.54,404
log,3,0.2817934037226687,0.2968219259874575,False,0.29726127654290646,0.18773859319509367,False,50,7,0.14,404
ten_percent,5,0.15442254477457965,0.1741578128445644,False,0.1741075119233441,0.11388958624751643,False,50,13,0.26,404
original,50,0.0840793116413533,0.026322960601350722,False,0.029138445617539806,0.021715334599141652,False,48,47,0.9791666666666666,404
half,25,0.08388135407656207,,True,,,True,49,49,1.0,400
sqrt,7,0.12438749346458175,0.011394720064808473,False,-0.15983810188689462,0.015238095238095238,False,50,26,0.52,400
log,3,0.34627219452632696,0.08276011702937106,False,0.121136505030598,0.0437684079855032,False,50,8,0.16,400
ten_percent,5,0.1689023550301867,-0.08847211487606524,False,-0.09550721618446019,-0.06367328894396923,False,50,21,0.42,400
original,50,0.08323174858029926,,True,,,True,50,50,1.0,400
half,25,0.0655823254398167,,True,,,True,50,50,1.0,412
sqrt,7,0.08237022849029531,-0.19182129751550822,False,-0.07052800690992538,-0.15124706832092868,False,50,25,0.5,412
log,3,0.2856727967298747,-0.03239244318454451,False,3.718821032303995e-05,-0.041764667586049006,False,50,11,0.22,412
ten_percent,5,0.13701117522233286,-0.06449856750651192,False,0.005069169505052374,-0.0290269805124067,False,50,15,0.3,412
original,50,0.0655823254398167,,True,,,True,50,50,1.0,412
half,25,0.06643738471246069,0.024748533166972755,False,-0.018876634894525585,0.02040816326530612,False,50,49,0.98,406
sqrt,7,0.09725087638373907,-0.19507573357201832,False,-0.17396009081769132,-0.1427664110964136,False,50,29,0.58,406
log,3,0.26720093753179014,-0.08066491656144495,False,-0.1333120813734563,-0.05054414603501462,False,50,9,0.18,406
ten_percent,5,0.15036646288171046,-0.20531377711926266,False,-0.22259213760824384,-0.13787694434497302,False,50,18,0.36,406
original,50,0.06659562367867795,,True,,,True,50,50,1.0,406
half,25,0.07322742605958686,,True,,,True,50,50,1.0,407
sqrt,7,0.10772412130860941,0.035247454552419656,False,-0.031789230004975896,0.026429671058693316,False,50,30,0.6,407
log,3,0.24446034866797026,0.016101342233281156,False,0.05768325592754249,0.0176242048633814,False,50,12,0.24,407
ten_percent,5,0.14142614068426418,0.03623565999235139,False,0.025702093193187524,0.02749286996141075,False,50,23,0.46,407
original,50,0.07322742605958686,,True,,,True,50,50,1.0,407
half,25,0.08570253778387682,,True,,,True,49,49,1.0,410
sqrt,7,0.0894261722530397,0.19433478606697013,False,0.16452241137471124,0.1307729624510408,False,50,24,0.48,410
log,3,0.2394590663705579,0.17736243913204536,False,0.19087137372399676,0.13235794837567685,False,50,14,0.28,410
ten_percent,5,0.14742398008390512,0.21921651762264618,False,0.20800757667430358,0.15719366767479576,False,50,20,0.4,410
original,50,0.0864879089683784,,True,,,True,50,50,1.0,410
half,25,0.05996742801293819,,True,,,True,50,50,1.0,403
sqrt,7,0.0769552360230778,0.18993793647382526,False,0.30423567414085384,0.14675987714106856,False,50,29,0.58,403
log,3,0.26814136361521146,0.2101354055744573,False,0.20593599081988026,0.1391455354718654,False,50,14,0.28,403
ten_percent,5,0.12013154172135856,0.09945004227185451,False,0.1412432160519403,0.07802219912852568,False,50,21,0.42,403
original,50,0.05996742801293819,,True,,,True,50,50,1.0,403
half,25,0.0927851107232221,0.12374266583486376,False,0.10253752068551585,0.10204081632653061,False,50,49,0.98,413
sqrt,7,0.10970765510210496,0.11657848669730007,False,0.111114483249325,0.09327551787128723,False,50,31,0.62,413
log,3,0.409030128788759,-0.020033631905984513,False,0.010695220019144283,-0.027049407497321643,False,50,5,0.1,413
ten_percent,5,0.16010348669741592,0.07809298352004632,False,0.07684174519802807,0.0690541302631779,False,50,21,0.42,413
original,50,0.09334076581587296,,True,,,True,50,50,1.0,413
half,25,0.07678726865904596,-0.20412414523193148,False,-0.16691417604091105,-0.16835875742536846,False,49,48,0.9795918367346939,408
sqrt,7,0.09528460406658125,0.07714942739250973,False,0.12471649671664699,0.04603171644550004,False,50,25,0.5,408
log,3,0.3527306639146627,0.09752027226085139,False,0.10438030716564724,0.06214444184632945,False,50,9,0.18,408
ten_percent,5,0.13419356420115158,0.20600225445571047,False,0.20409367581572252,0.13787694434497302,False,50,18,0.36,408
original,50,0.08064078841193419,0.2128373852359657,False,0.2392403240746348,0.17551020408163268,False,50,49,0.98,408
half,25,0.06796263412485169,-0.17323973216880925,False,-0.1372257204540521,-0.14285714285714285,False,50,49,0.98,402
sqrt,7,0.08562188575301337,-0.07134045345720176,False,-0.11922042114230322,-0.0569068911363327,False,50,29,0.58,402
log,3,0.20017729645021887,0.09984766279797473,False,0.06187815141993894,0.07133606730416281,False,50,12,0.24,402
ten_percent,5,0.11713613585924126,0.03491879104516222,False,0.004656858327021458,0.02640176158430132,False,50,19,0.38,402
original,50,0.06649796353502314,,True,,,True,50,50,1.0,402
half,25,0.08024295947231033,,True,,,True,50,50,1.0,409
sqrt,7,0.10158753650999534,-0.18016973277945408,False,-0.22491456538052387,-0.1403868042605701,False,50,28,0.56,409
log,3,0.27563413255408253,-0.07581557082106907,False,-0.10758167139815902,-0.06327199235973134,False,50,13,0.26,409
ten_percent,5,0.16985881481947157,-0.06990943764318523,False,-0.11574191947292319,-0.042149923667134555,False,50,21,0.42,409
original,50,0.08024295947231033,,True,,,True,50,50,1.0,409
half,25,0.07176861327735189,,True,,,True,50,50,1.0,414
sqrt,7,0.07265380491014156,0.09127471640074487,False,0.24466128284274774,0.0638121837548046,False,50,28,0.56,414
log,3,0.18750089322115776,0.08066491656144495,False,0.1045502530406674,0.05385851626681886,False,50,9,0.18,414
ten_percent,5,0.1209422508335253,0.1133115783709141,False,0.1712060966520319,0.05652297984136001,False,50,13,0.26,414
original,50,0.07176861327735189,,True,,,True,50,50,1.0,414
half,25,0.06391895692019128,0.23263621176954388,False,0.25726737315464177,0.19183673469387755,False,50,49,0.98,411
sqrt,7,0.08063178264171021,-0.05179418211276579,False,-0.019082041302884666,-0.03809523809523809,False,50,26,0.52,411
log,3,0.26823337180779705,-0.07295961109885918,False,-0.10348226469063228,-0.05883007161452521,False,50,9,0.18,411
ten_percent,5,0.13068765850295036,-0.1268765377168138,False,-0.1197089813419159,-0.083773333272895,False,50,18,0.36,411
original,50,0.06451516339573178,,True,,,True,50,50,1.0,411
half,25,0.06855319708423487,,True,,,True,50,50,1.0,416
sqrt,7,0.10512372057914493,-0.07137997643853607,False,-0.12568377161524688,-0.0584304725845076,False,50,24,0.48,416
log,3,0.3433129562361035,-0.31211260676892705,False,-0.2865378989043736,-0.22561567778708624,False,50,7,0.14,416
ten_percent,5,0.14949490981360888,-0.0874483821714065,False,-0.12150289379794453,-0.07015988557236646,False,50,20,0.4,416
original,50,0.06855319708423487,,True,,,True,50,50,1.0,416
half,25,0.08821583176499083,-0.11384325256807468,False,-0.10496427200288144,-0.09387755102040816,False,50,49,0.98,422
sqrt,7,0.1017714696662415,0.023797000220356423,False,-0.026154461743691404,0.01472588855880106,False,50,28,0.56,422
log,3,0.2466225151812251,0.3243041795220703,False,0.3374806966013838,0.2237969540390824,False,50,8,0.16,422
ten_percent,5,0.13571525135399373,0.08607693071698395,False,0.017920200602329715,0.06008606139783012,False,50,21,0.42,422
original,50,0.08172534291029322,,True,,,True,50,50,1.0,422
half,25,0.06937529979771158,,True,,,True,50,50,1.0,415
sqrt,7,0.08641948208287012,-0.12776345007195805,False,-0.10370591757456221,-0.09326396087240672,False,50,28,0.56,415
log,3,0.238722589366554,-0.16623819408232215,False,-0.13572567113360384,-0.1166346565568597,False,50,6,0.12,415
ten_percent,5,0.11614520913882079,-0.25567113514826456,False,-0.22715723104867402,-0.1777872257504562,False,50,23,0.46,415
original,50,0.06937529979771158,,True,,,True,50,50,1.0,415
half,25,0.06647368575996097,,True,,,True,50,50,1.0,420
sqrt,7,0.08252777240975125,-0.26134394464222543,False,-0.16216205674808942,-0.19340000307225397,False,50,28,0.56,420
log,3,0.19892678261217475,-0.0514810721219013,False,-0.046580381199582875,-0.02734355441238496,False,50,9,0.18,420
ten_percent,5,0.11918080069609042,-0.10018163498638545,False,-0.11628284828553347,-0.07012987012987014,False,50,17,0.34,420
original,50,0.06647368575996097,,True,,,True,50,50,1.0,420
half,25,0.06516359108071014,0.18313914543559837,False,0.1663350654841401,0.1510204081632653,False,50,49,0.98,418
sqrt,7,0.09983191798804142,0.05181391088930102,False,-0.05429905408169534,0.036412092512240826,False,50,20,0.4,418
log,3,0.24386229894886235,0.03911859020051086,False,0.03933262652944365,0.0421167699483144,False,50,8,0.16,418
ten_percent,5,0.13193859220363033,-0.029060864001047265,False,-0.06608442407031236,-0.018782163860969044,False,50,15,0.3,418
original,50,0.06524039493740622,,True,,,True,50,50,1.0,418
half,25,0.08359887805874301,,True,,,True,50,50,1.0,417
sqrt,7,0.09813935905499994,0.07645986295217186,False,0.0727478751727641,0.050826290497487145,False,50,30,0.6,417
log,3,0.2504289713613464,0.01306063403408711,False,0.0463593709020508,0.010181380644282834,False,50,14,0.28,417
ten_percent,5,0.1370878938431697,0.0714674549396743,False,0.06013435762579751,0.05984399292441633,False,50,19,0.38,417
original,50,0.08359887805874301,,True,,,True,50,50,1.0,417
half,25,0.0818450587209353,-0.14354149236844196,False,-0.10830710852521196,-0.11836734693877551,False,50,49,0.98,419
sqrt,7,0.10469004724258428,-0.10437157753138296,False,0.004394277971061986,-0.06770515077252467,False,50,24,0.48,419
log,3,0.29191776603867153,0.1079224346353422,False,0.1770542294357281,0.08534503346895912,False,50,9,0.18,419
ten_percent,5,0.1555007518748812,0.03235843481304786,False,0.10303121112874318,0.024433888871261043,False,50,18,0.36,419
original,50,0.0769422961937122,,True,,,True,50,50,1.0,419
half,25,0.05750387498556839,,True,,,True,49,49,1.0,424
sqrt,7,0.062486769707396785,0.18961416078131282,False,0.15576960111854607,0.14342743312012723,False,50,35,0.7,424
log,3,0.16237341802565713,0.2150176779475269,False,0.15821511063158422,0.1461795225051688,False,50,21,0.42,424
ten_percent,5,0.0919186479179764,0.14210581932002178,False,0.03218870993668004,0.10571225358745884,False,50,31,0.62,424
original,50,0.05813593044283847,,True,,,True,50,50,1.0,424
half,25,0.0729208257551001,,True,,,True,50,50,1.0,429
sqrt,7,0.07004816165240539,0.335770333168228,False,0.20938786700898668,0.2486772486772487,False,50,32,0.64,429
log,3,0.2852046830525857,0.3854917799727237,False,0.30054019267595766,0.25784139717038634,False,50,10,0.2,429
ten_percent,5,0.1349699710299171,0.1841883368004551,False,0.0730053586855499,0.13593460279190384,False,50,22,0.44,429
original,50,0.0729208257551001,,True,,,True,50,50,1.0,429
half,25,0.07714791077458884,,True,,,True,50,50,1.0,425
sqrt,7,0.07552984974150928,0.15442277551468284,False,0.2460119183413065,0.11755052084584684,False,50,38,0.76,425
log,3,0.17312218540164642,0.34190699454623613,False,0.3716406671454195,0.24152224480646928,False,50,16,0.32,425
ten_percent,5,0.09636970942099966,0.2861663723973664,False,0.37692588954542466,0.21324897210466345,False,50,25,0.5,425
original,50,0.07714791077458884,,True,,,True,50,50,1.0,425
half,25,0.09044069131412893,,True,,,True,50,50,1.0,427
sqrt,7,0.08435154932682604,0.05421446312989152,False,-0.022126025927321692,0.040933026957713003,False,50,29,0.58,427
log,3,0.1634863245133805,0.12305266419881367,False,0.0554645941570819,0.1052469623168435,False,50,11,0.22,427
ten_percent,5,0.11553482823888257,0.02070836304205701,False,-0.1015784148486791,0.013452103298021666,False,50,21,0.42,427
original,50,0.09044069131412893,,True,,,True,50,50,1.0,427
half,25,0.07003514665177303,,True,,,True,50,50,1.0,423
sqrt,7,0.07478479840571266,0.05775501617050296,False,0.14951867778038255,0.03187276291558384,False,50,35,0.7,423
log,3,0.2161350566601919,0.03471161600554791,False,-0.0534903168553032,0.03160636481443445,False,50,10,0.2,423
ten_percent,5,0.10597758144827328,0.02889320051120212,False,0.038589885655497355,0.019361291828487635,False,50,19,0.38,423
original,50,0.08333226440736176,0.2227367985027548,False,0.26517823248293504,0.1836734693877551,False,50,49,0.98,423
half,25,0.06802400829326177,,True,,,True,50,50,1.0,428
sqrt,7,0.07534032249353131,0.21253386021212015,False,0.216818493599428,0.16042953598232654,False,50,27,0.54,428
log,3,0.225035895636505,0.0032457784313173342,False,0.018875452752625404,0.01265439847194627,False,50,13,0.26,428
ten_percent,5,0.11043189149008192,0.07660402391944357,False,0.07910086433948803,0.05104340572964922,False,50,19,0.38,428
original,50,0.06802400829326177,,True,,,True,50,50,1.0,428
half,25,0.0776334334529519,,True,,,True,50,50,1.0,421
sqrt,7,0.1263963145030886,-0.26355649174227014,False,-0.2861648547142243,-0.18849598253810665,False,50,22,0.44,421
log,3,0.346791573470423,-0.0257026212702679,False,-0.010193182597815771,-0.0008196790150703529,False,50,5,0.1,421
ten_percent,5,0.18744405657081076,-0.24488671597476305,False,-0.22983021879418913,-0.18306696456082272,False,50,13,0.26,421
original,50,0.0776334334529519,,True,,,True,50,50,1.0,421
half,25,0.07504267564750883,,True,,,True,49,49,1.0,426
sqrt,7,0.09643370478433372,-0.23114030043145128,False,-0.2109857719801445,-0.16815667844376544,False,50,25,0.5,426
log,3,0.32937843809210393,-0.11385321820786969,False,-0.06530473477336363,-0.08049434044064965,False,50,6,0.12,426
ten_percent,5,0.17935686828555727,-0.3753573238058215,False,-0.34957169617872585,-0.2544129468440352,False,50,15,0.3,426
original,50,0.0750584027658227,,True,,,True,49,49,1.0,426
half,25,0.06187765188893927,,True,,,True,48,48,1.0,431
sqrt,7,0.08401026005058887,0.17969379277504696,False,0.3335132924989799,0.1207522861821687,False,50,28,0.56,431
log,3,0.2908582528548802,-0.02947543182088311,False,0.04054997276202558,-0.0115278083540847,False,50,7,0.14,431
ten_percent,5,0.10952640608068387,0.19857036155947644,False,0.2564419498834434,0.15364126840530884,False,50,20,0.4,431
original,50,0.06133314200629881,,True,,,True,50,50,1.0,431
half,25,0.07182221856195413,,True,,,True,50,50,1.0,432
sqrt,7,0.10183158331469891,-0.21967298214131079,False,-0.16695739258778852,-0.16061107797205937,False,50,30,0.6,432
log,3,0.2909873493613764,-0.048837315296694495,False,-0.040676431175270825,-0.03160636481443445,False,50,10,0.2,432
ten_percent,5,0.13668060685411948,-0.14574100933227221,False,-0.13186671137787112,-0.11168831168831168,False,50,17,0.34,432
original,50,0.07258064538958703,,True,,,True,49,49,1.0,432
half,25,0.0804941401515548,0.09185586535436918,False,0.06414445492293598,0.07576144084141581,False,49,48,0.9795918367346939,437
sqrt,7,0.10427381353581669,0.010723465750303873,False,0.07209763932078998,0.0,False,50,27,0.54,437
log,3,0.29917669298557564,0.06474680596590396,False,0.06594790173837986,0.0432508150092261,False,50,10,0.2,437
ten_percent,5,0.13836174191179787,0.08243205410802792,False,0.1326052676573225,0.05984399292441633,False,50,19,0.38,437
original,50,0.08042084385356801,,True,,,True,50,50,1.0,437
half,25,0.07466237797163246,,True,,,True,50,50,1.0,433
sqrt,7,0.08864092783498988,0.2074257059834543,False,0.2293275170992065,0.1625201417361532,False,50,25,0.5,433
log,3,0.20711586422772676,0.1666931539735204,False,0.08346195250287367,0.12028224264782113,False,50,11,0.22,433
ten_percent,5,0.14049604282485084,0.30676583034011023,False,0.2282065644052291,0.20768805540571886,False,50,18,0.36,433
original,50,0.07466237797163246,,True,,,True,50,50,1.0,433
half,25,0.07712121308794524,,True,,,True,50,50,1.0,438
sqrt,7,0.09525116293190625,0.15773030739082555,False,0.17125364917521382,0.1347313035918593,False,50,31,0.62,438
log,3,0.3212943312983655,0.05086215956368478,False,0.03413173482897889,0.03659684346934516,False,50,10,0.2,438
ten_percent,5,0.1625915946213498,0.09026850299537623,False,0.04270098597430112,0.07981581290159523,False,50,21,0.42,438
original,50,0.07712121308794524,,True,,,True,50,50,1.0,438
half,25,0.06937102089591271,,True,,,True,50,50,1.0,434
sqrt,7,0.09974129277531578,-0.05340769991727841,False,-0.04172617554764648,-0.03431630929566319,False,50,24,0.48,434
log,3,0.3390532652643398,0.12226202526398543,False,0.20152335786648956,0.078184165593601,False,50,10,0.2,434
ten_percent,5,0.1501232710302818,0.1573765047158891,False,0.20706646512034363,0.11440045260772054,False,50,15,0.3,434
original,50,0.06937102089591271,,True,,,True,50,50,1.0,434
half,25,0.07025764719996182,,True,,,True,49,49,1.0,430
sqrt,7,0.0822309332050097,0.21409428950352702,False,0.11852919214735502,0.1596652510024456,False,50,34,0.68,430
log,3,0.20626043673796635,0.13900593025870406,False,0.11702260762420165,0.1052075999909226,False,50,14,0.28,430
ten_percent,5,0.11558623990668597,0.11272335448676335,False,0.09826103651291956,0.07802219912852568,False,50,21,0.42,430
original,50,0.08679918242064413,0.09404442603449646,False,0.07033211883731386,0.07755102040816327,False,50,49,0.98,430
half,25,0.05921711958186889,,True,,,True,50,50,1.0,440
sqrt,7,0.06906555344666575,-0.019196306017779323,False,0.15253838440367165,-0.018297464579095372,False,50,30,0.6,440
log,3,0.22765059878986812,0.08021659689193225,False,0.12368555113472533,0.0528726145901442,False,50,12,0.24,440
ten_percent,5,0.12108361863694023,0.09316268385426613,False,0.14668639297751768,0.06187967517089968,False,50,21,0.42,440
original,50,0.05921711958186889,,True,,,True,50,50,1.0,440
half,25,0.10465534697827801,0.19303855870238745,False,0.20281224146311952,0.15918367346938775,False,50,49,0.98,435
sqrt,7,0.09295476945156884,0.026027008223237055,False,0.0523988539846949,0.012830005981991684,False,50,23,0.46,435
log,3,0.36456735692124154,0.050920852036403286,False,0.012556018962735262,0.0230556167081694,False,50,7,0.14,435
ten_percent,5,0.1597832680945655,0.11417008663405033,False,0.10722193280402033,0.08519992187553997,False,50,11,0.22,435
original,50,0.09123233304612884,,True,,,True,50,50,1.0,435
half,25,0.08088023475077442,,True,,,True,50,50,1.0,439
sqrt,7,0.10209333812936258,0.16076099642352826,False,0.11077766388240155,0.109971479845643,False,50,23,0.46,439
log,3,0.29837323403385213,0.19747111615831903,False,0.25592916104621993,0.12169093834239539,False,50,12,0.24,439
ten_percent,5,0.15222083952689655,0.20482123025822865,False,0.19585349248673484,0.14112554112554113,False,50,17,0.34,439
original,50,0.08088023475077442,,True,,,True,50,50,1.0,439
half,25,0.07233738222059151,,True,,,True,50,50,1.0,442
sqrt,7,0.08964644327066962,0.05848179865938178,False,0.12310597761464859,0.0435285750066007,False,50,31,0.62,442
log,3,0.17803754013252857,0.10759513277545968,False,0.10211210342342435,0.07677001739647404,False,50,13,0.26,442
ten_percent,5,0.12404060824673407,-0.035693079167381736,False,-0.0005400439564136575,-0.016312152335028456,False,50,22,0.44,442
original,50,0.07233738222059151,,True,,,True,50,50,1.0,442
half,25,0.0856300700169243,,True,,,True,50,50,1.0,443
sqrt,7,0.11022476267081262,-0.17720048116788825,False,-0.1333201939130683,-0.12479581389546647,False,50,29,0.58,443
log,3,0.2593258584921001,-0.008138728894856237,False,-0.06840672876569749,0.0008285925579510593,False,50,9,0.18,443
ten_percent,5,0.14013469088080066,-0.08785216391409004,False,-0.09739147205954296,-0.05256137974620282,False,50,22,0.44,443
original,50,0.0856300700169243,,True,,,True,50,50,1.0,443
half,25,0.0746180783276127,,True,,,True,50,50,1.0,444
sqrt,7,0.0878302519067048,0.07674704527736366,False,0.0016639280392513245,0.06218367858085814,False,50,31,0.62,444
log,3,0.2656943019693342,0.1333785141891957,False,0.20004703212629252,0.0982724632127336,False,50,8,0.16,444
ten_percent,5,0.11680582867883363,0.11718867805394081,False,0.07685968286475948,0.09424499993200688,False,50,18,0.36,444
original,50,0.0746180783276127,,True,,,True,50,50,1.0,444
half,25,0.071754161100091,,True,,,True,50,50,1.0,441
sqrt,7,0.08499296969380009,-0.18822533744109424,False,-0.2692192894867363,-0.14875661016339603,False,50,29,0.58,441
log,3,0.20303167927522559,-0.23389178424607776,False,-0.19507864561568047,-0.18710571078549956,False,50,11,0.22,441
ten_percent,5,0.10723409149020321,-0.11459609218716096,False,-0.14593098458175288,-0.09147428118928794,False,50,20,0.4,441
original,50,0.071754161100091,,True,,,True,50,50,1.0,441
half,25,0.08243912624341196,,True,,,True,50,50,1.0,436
sqrt,7,0.10523178769492204,-0.21864267193131698,False,-0.15952132810825054,-0.17687549093125526,False,50,30,0.6,436
log,3,0.29493800009760784,0.005937810002532005,False,-0.08058514068485081,0.015035280330977641,False,50,11,0.22,436
ten_percent,5,0.15027068195481216,-0.03482001087247435,False,-0.07512113047301215,-0.029921996462208163,False,50,19,0.38,436
original,50,0.08243912624341196,,True,,,True,50,50,1.0,436
half,25,0.0820776965829072,,True,,,True,50,50,1.0,448
sqrt,7,0.08411582299094775,0.27865269976667995,False,0.27172004081793116,0.19238095238095237,False,50,26,0.52,448
log,3,0.28429090940817575,0.21810830275031895,False,0.28920214833965974,0.14666088275733752,False,50,9,0.18,448
ten_percent,5,0.1346525396440189,0.31298800289878564,False,0.29858833747000296,0.21558441558441557,False,50,17,0.34,448
original,50,0.09618824492058299,0.23474276701672123,False,0.23713449455213856,0.19361257103917373,False,49,48,0.9795918367346939,448
half,25,0.07788963348268296,,True,,,True,50,50,1.0,445
sqrt,7,0.08408751765742496,0.21498469732751652,False,0.22213458280274917,0.1607370082973608,False,50,29,0.58,445
log,3,0.340931858928733,0.14295344013619166,False,0.1033320465378197,0.10045661565702381,False,50,7,0.14,445
ten_percent,5,0.13911201402331794,0.11364793746649485,False,0.11329262264071482,0.083773333272895,False,50,18,0.36,445
original,50,0.07788963348268296,,True,,,True,50,50,1.0,445
half,25,0.07767741147707138,,True,,,True,50,50,1.0,446
sqrt,7,0.09297014774297419,-0.03642044388380649,False,-0.09684739024755931,-0.025377296066268814,False,50,37,0.74,446
log,3,0.24673349313625445,0.06591095853740095,False,0.029909953024186593,0.06274421306360235,False,50,16,0.32,446
ten_percent,5,0.13938651395565374,0.09669973800453373,False,0.08184654212644166,0.09142857142857143,False,50,26,0.52,446
original,50,0.07767741147707138,,True,,,True,50,50,1.0,446
half,25,0.06861117537106623,,True,,,True,50,50,1.0,447
sqrt,7,0.08736620211340346,0.1171300028203484,False,0.08259150298733614,0.0853881680357784,False,50,30,0.6,447
log,3,0.2684959292248952,0.12615135701690852,False,0.12800097382182848,0.08308553721308375,False,50,12,0.24,447
ten_percent,5,0.12078597571454283,0.015222976430187078,False,0.029789552872415165,0.015766952919629033,False,50,24,0.48,447
original,50,0.06861117537106623,,True,,,True,50,50,1.0,447
half,25,0.07813332569711989,,True,,,True,50,50,1.0,454
sqrt,7,0.09370007118587356,-0.08499425284704866,False,0.04505520398214194,-0.07428571428571429,False,50,26,0.52,454
log,3,0.17411822479483074,-0.0356751348932614,False,0.010948268978177859,-0.0250588005516294,False,50,11,0.22,454
ten_percent,5,0.13088332135838412,-0.061907478092906955,False,0.014201462428154156,-0.042115978631733074,False,50,16,0.32,454
original,50,0.07813332569711989,,True,,,True,50,50,1.0,454
half,25,0.09556787426229743,-0.1820077839193939,False,-0.09962026184693225,-0.1479504412051845,False,50,48,0.96,449
sqrt,7,0.07897415633160951,0.11933379558781237,False,0.11613577353119722,0.10095238095238095,False,50,26,0.52,449
log,3,0.2328532131183196,0.3562053176560663,False,0.3182424550734351,0.2237969540390824,False,50,8,0.16,449
ten_percent,5,0.12785844023265575,0.17728965135243466,False,0.14082576660162774,0.1238095238095238,False,50,17,0.34,449
original,50,0.07703981165975338,,True,,,True,50,50,1.0,449
half,25,0.08368759988459877,,True,,,True,50,50,1.0,451
sqrt,7,0.09266950722043454,0.09403239064088785,False,0.03426411649252861,0.06888728927029748,False,50,29,0.58,451
log,3,0.27429774453665745,0.2019043037779579,False,0.17934673993493072,0.1383337002490164,False,50,7,0.14,451
ten_percent,5,0.12635333278995214,0.11342194986649538,False,0.1959165485962425,0.07443497158238656,False,50,21,0.42,451
original,50,0.08368759988459877,,True,,,True,50,50,1.0,451
half,25,0.0730072768943531,-0.24253562503633297,False,-0.19428170755133067,-0.19999999999999998,False,50,49,0.98,450
sqrt,7,0.08311834265609896,0.07852048337215949,False,0.08902693237990797,0.056925445357185606,False,50,30,0.6,450
log,3,0.21564587919822745,-0.0786065669189109,False,-0.04824943499091786,-0.045816212899272755,False,50,14,0.28,450
ten_percent,5,0.11771924903648973,-0.026525654582366113,False,0.018351258262297342,-0.017621888557232446,False,50,24,0.48,450
original,50,0.07313002748638424,,True,,,True,49,49,1.0,450
half,25,0.0796220480654712,,True,,,True,50,50,1.0,452
sqrt,7,0.07632143418892788,0.25657853417190485,False,0.24687611612857135,0.18942282561768672,False,50,27,0.54,452
log,3,0.19207842147136456,0.20391707905260148,False,0.25680255176177524,0.1428666902168312,False,50,8,0.16,452
ten_percent,5,0.09947786374639712,0.26901205416574864,False,0.30499099157127474,0.17463069891285854,False,50,13,0.26,452
original,50,0.0796220480654712,,True,,,True,50,50,1.0,452
half,25,0.08088357601919195,,True,,,True,50,50,1.0,455
sqrt,7,0.09074588140823785,0.16020183825151219,False,0.08711070583183417,0.11554900250605112,False,50,25,0.5,455
log,3,0.30798466456198353,0.2350708894867679,False,0.1796297273054336,0.15164061778801527,False,50,5,0.1,455
ten_percent,5,0.13896127592520433,0.25348866424161903,False,0.1584554447062385,0.16588538522294866,False,50,16,0.32,455
original,50,0.08088357601919195,,True,,,True,50,50,1.0,455
half,25,0.06983414619458621,0.014849119900183652,False,-0.013607111337788943,0.012244897959183673,False,50,49,0.98,453
sqrt,7,0.10236030975993568,0.016377677312850142,False,0.010589968812215017,0.013756613756613757,False,50,32,0.64,453
log,3,0.20522006691939354,0.09873555807915951,False,0.15330140546009907,0.06462208449906513,False,50,12,0.24,453
ten_percent,5,0.10595168449531578,0.011263913437635373,False,0.061159808447039644,0.010798984943120779,False,50,28,0.56,453
original,50,0.06978612366442843,,True,,,True,50,50,1.0,453
half,25,0.06802276420448373,,True,,,True,50,50,1.0,456
sqrt,7,0.0767744633328045,0.10183803022991403,False,0.13114898661415783,0.07318985831638149,False,50,30,0.6,456
log,3,0.24551516413454572,0.11851168112243879,False,0.16923645842115323,0.08140704151180932,False,50,12,0.24,456
ten_percent,5,0.13990281715465785,0.028048523425041872,False,0.0924110269179429,0.01649572197684645,False,50,23,0.46,456
original,50,0.06802276420448373,,True,,,True,50,50,1.0,456
half,25,0.073990379077692,,True,,,True,50,50,1.0,459
sqrt,7,0.09485262843206962,0.09167756697088268,False,0.0993158151166919,0.06888728927029748,False,50,29,0.58,459
log,3,0.24560718712666357,0.0775443155002819,False,0.15291617422357906,0.05976143046671968,False,50,15,0.3,459
ten_percent,5,0.13041708224215423,0.23737642257193095,False,0.266296518392783,0.17962008374788355,False,50,23,0.46,459
original,50,0.09062106943366192,0.07424559950091826,False,0.025529168800854613,0.061224489795918366,False,50,49,0.98,459
half,25,0.07860239323953026,,True,,,True,50,50,1.0,461
sqrt,7,0.09493492545883417,0.02418517650827564,False,-0.0353162672830852,0.022363567818894342,False,50,30,0.6,461
log,3,0.28276546794728796,-0.18770187007649794,False,-0.12299360457028738,-0.13626013806807602,False,50,8,0.16,461
ten_percent,5,0.13785322881900977,-0.14750459801662916,False,-0.12380167468950676,-0.10476190476190476,False,50,17,0.34,461
original,50,0.07860239323953026,,True,,,True,50,50,1.0,461
half,25,0.06786477276531047,-0.024748533166972755,False,-0.0409880000666536,-0.02040816326530612,False,50,49,0.98,457
sqrt,7,0.10100407229514849,0.0931990929310058,False,0.053570823823870274,0.06864458011918344,False,50,19,0.38,457
log,3,0.3500795850713726,0.11919144387437391,False,0.09895258745391741,0.08700221858486124,False,50,9,0.18,457
ten_percent,5,0.15616936148561542,0.18414805179160046,False,0.13655766978858044,0.13073593073593073,False,50,17,0.34,457
original,50,0.06195149140192074,,True,,,True,50,50,1.0,457
half,25,0.10422318906722838,0.04454735970055096,False,0.027761895315940425,0.03673469387755102,False,50,49,0.98,460
sqrt,7,0.09385955714936108,0.007338451481121846,False,-0.08062311993305059,0.012884458112283807,False,50,36,0.72,460
log,3,0.16285837868490521,0.20012404029510308,False,0.2375985790347962,0.15607091448733731,False,50,13,0.26,460
ten_percent,5,0.0991635592095652,0.06219610135176245,False,0.0037458667019641847,0.05025503536795771,False,50,27,0.54,460
original,50,0.08827037044567826,,True,,,True,50,50,1.0,460
half,25,0.0729244058582815,,True,,,True,50,50,1.0,458
sqrt,7,0.12439582133408511,-0.22635476571425522,False,-0.20247213641897555,-0.16017068694476133,False,50,19,0.38,458
log,3,0.3397192621369509,-0.14749494583366488,False,-0.13172571261661156,-0.10349272342369241,False,50,6,0.12,458
ten_percent,5,0.20592428693532774,-0.1827204134925499,False,-0.17466414579099127,-0.14032928308912465,False,50,11,0.22,458
original,50,0.0729244058582815,,True,,,True,50,50,1.0,458
half,25,0.0768584678208233,,True,,,True,50,50,1.0,463
sqrt,7,0.093950504346416,-0.19391911068454892,False,-0.16451130379907994,-0.14627715968409055,False,50,28,0.56,463
log,3,0.18188235246298387,0.020356351592226325,False,0.06841246769445251,0.029373674772302332,False,50,12,0.24,463
ten_percent,5,0.13659897842160693,-0.17607565781612916,False,-0.14782420848365863,-0.13376892536046,False,50,19,0.38,463
original,50,0.0768584678208233,,True,,,True,50,50,1.0,463
half,25,0.06667741275482322,0.12374266583486376,False,0.0886279365181504,0.10204081632653061,False,50,49,0.98,465
sqrt,7,0.09156145417617868,0.05277645826647936,False,0.1439825185774871,0.0402507620607229,False,50,28,0.56,465
log,3,0.348298517085671,0.038093103880658494,False,0.049374155442103954,0.020714813948776487,False,50,9,0.18,465
ten_percent,5,0.151449734104815,0.13636768956927312,False,0.17849404896436,0.083773333272895,False,50,18,0.36,465
original,50,0.06860738789577553,,True,,,True,50,50,1.0,465
half,25,0.07255033291848738,,True,,,True,50,50,1.0,468
sqrt,7,0.08178537497326026,0.19757331775072062,False,0.22579703832244918,0.1526979920795638,False,50,27,0.54,468
log,3,0.28672194038453547,0.3031600255193086,False,0.22715781482783504,0.21684189669726028,False,50,6,0.12,468
ten_percent,5,0.13193958406438536,0.2396031181997121,False,0.21269904155557243,0.16536796536796539,False,50,17,0.34,468
original,50,0.07255033291848738,,True,,,True,50,50,1.0,468
half,25,0.07278833579795652,0.03464794643376186,False,0.0045081914979205025,0.028571428571428574,False,50,49,0.98,466
sqrt,7,0.09706497325352377,0.03086933253920841,False,-0.0756527384838059,0.019047619047619046,False,50,26,0.52,466
log,3,0.3685809560775331,0.0493621131196902,False,-0.020600177153406642,0.02900073952828708,False,50,9,0.18,466
ten_percent,5,0.15254498982465348,0.16493949903185795,False,0.07518659059191544,0.11867888880326792,False,50,18,0.36,466
original,50,0.08084113521045744,0.03464794643376186,False,0.004508191497920478,0.028571428571428574,False,50,49,0.98,466
half,25,0.07877467968635905,,True,,,True,50,50,1.0,462
sqrt,7,0.07844401769396221,0.0719048072869361,False,0.2123792228216924,0.04879323887758766,False,50,30,0.6,462
log,3,0.1900881129273927,0.25990449677638056,False,0.28092499637391743,0.17631795204245138,False,50,13,0.26,462
ten_percent,5,0.11492853926199383,0.09265955137004311,False,0.1844037478826003,0.07015988557236646,False,50,20,0.4,462
original,50,0.07877467968635905,,True,,,True,50,50,1.0,462
half,25,0.0785527530397561,,True,,,True,50,50,1.0,467
sqrt,7,0.09150039608058952,0.020290432984862123,False,-0.05532921534873007,0.009523809523809523,False,50,32,0.64,467
log,3,0.24534428133837174,0.10384558454993083,False,0.06888280389798498,0.07485717982366055,False,50,10,0.2,467
ten_percent,5,0.13375508066663053,0.15544074709623523,False,0.12411743061465695,0.11515151515151514,False,50,17,0.34,467
original,50,0.08072318366874374,0.23913043478260868,False,0.2899711827173933,0.19731536884950832,False,47,46,0.9787234042553191,467
half,25,0.11823544960989377,0.05379163638987566,False,0.02868281271256631,0.04364357804719848,False,50,46,0.92,464
sqrt,7,0.08491179712104552,0.10770544380427156,False,0.07316521135229183,0.08504698293038997,False,50,27,0.54,464
log,3,0.2976632098682983,0.07979837344866181,False,0.06502154741980583,0.05345877451014273,False,50,11,0.22,464
ten_percent,5,0.12036979543456817,0.2383737682004912,False,0.22674973532506773,0.18561286183069103,False,50,20,0.4,464
original,50,0.0786830089120121,,True,,,True,50,50,1.0,464
half,25,0.08583125973425364,,True,,,True,50,50,1.0,471
sqrt,7,0.09251354646226542,0.14245447508917541,False,0.13834342930932156,0.11222360607500666,False,50,24,0.48,471
log,3,0.202018639114169,0.3228971874890437,False,0.27979820052145565,0.22575767182140935,False,50,12,0.24,471
ten_percent,5,0.11212071786432316,0.12461118784574862,False,0.11281580547674792,0.09680645914243817,False,50,19,0.38,471
original,50,0.08583125973425364,,True,,,True,50,50,1.0,471
half,25,0.08244279825388266,,True,,,True,50,50,1.0,469
sqrt,7,0.08854970457254394,0.13187287994970662,False,0.09538212954203193,0.11607620001760188,False,50,31,0.62,469
log,3,0.2265444426100592,0.1682345610710477,False,0.21418651470772193,0.12047967095734687,False,50,14,0.28,469
ten_percent,5,0.11567899547139354,0.14346816338128054,False,0.1323096604022934,0.1174278480752552,False,50,25,0.5,469
original,50,0.08244279825388266,,True,,,True,50,50,1.0,469
half,25,0.07026354289543672,,True,,,True,50,50,1.0,474
sqrt,7,0.0798721640280772,0.0658460883090016,False,0.013287450450882378,0.04338624338624339,False,50,32,0.64,474
log,3,0.19844805858972292,0.07607674567748486,False,0.014440240987757069,0.07330166661378312,False,50,18,0.36,474
ten_percent,5,0.0959051220582362,0.11088843700651323,False,-0.000981297950629454,0.08068970023574859,False,50,24,0.48,474
original,50,0.07026354289543672,,True,,,True,50,50,1.0,474
half,25,0.07580080422635933,,True,,,True,50,50,1.0,470
sqrt,7,0.07990305814435213,-0.026493993578663486,False,0.04247250803905909,-0.022579695790161627,False,50,28,0.56,470
log,3,0.19956125761959131,0.15782161852112622,False,0.16553171853230764,0.1213953957333768,False,50,8,0.16,470
ten_percent,5,0.1086991478556782,0.112439212971581,False,0.19149822464710428,0.09024852563942802,False,50,16,0.32,470
original,50,0.07580080422635933,,True,,,True,50,50,1.0,470
half,25,0.08538112743387596,,True,,,True,50,50,1.0,476
sqrt,7,0.09330059148095478,0.2590893944451467,False,0.3112526890766907,0.18555705366630537,False,50,27,0.54,476
log,3,0.23818605679968288,0.39185557624040757,False,0.40690961168407874,0.26283187582529705,False,50,10,0.2,476
ten_percent,5,0.12847764619912763,0.20274630444185415,False,0.27248801045342264,0.12848857304359976,False,50,19,0.38,476
original,50,0.08538112743387596,,True,,,True,50,50,1.0,476
half,25,0.07617644603817114,,True,,,True,50,50,1.0,472
sqrt,7,0.09564465338846402,0.007166413696544539,False,0.011951928065036161,0.009664429878453404,False,50,27,0.54,472
log,3,0.3140346681092332,-0.06315032871470695,False,-0.11911514789817135,-0.06406692402419054,False,50,6,0.12,472
ten_percent,5,0.17061283617716133,-0.09805884349121191,False,-0.15012261520867595,-0.07330166661378312,False,50,18,0.36,472
original,50,0.09459116136718146,-0.08414501276770736,False,-0.08807589337627841,-0.06938775510204082,False,50,49,0.98,472
half,25,0.08088004510165148,,True,,,True,50,50,1.0,475
sqrt,7,0.09758355551057349,-0.08815466526074256,False,-0.007388167746088482,-0.06184873194696446,False,50,28,0.56,475
log,3,0.26881934844372946,0.2629558369566935,False,0.23242541717333773,0.1825060031093624,False,50,8,0.16,475
ten_percent,5,0.12016776866386848,-0.057719902647755825,False,-0.01257428993973971,-0.0452930906859581,False,50,20,0.4,475
original,50,0.08088004510165148,,True,,,True,50,50,1.0,475
half,25,0.07243374190740974,,True,,,True,50,50,1.0,473
sqrt,7,0.08857967489253273,0.03657521480005137,False,-0.1206171220095713,0.020562180517846904,False,50,33,0.66,473
log,3,0.22416315804202747,-0.1549311643225724,False,-0.11956888628610648,-0.10181380644282834,False,50,14,0.28,473
ten_percent,5,0.10507345680741434,-0.04745088305329216,False,-0.11814656711537437,-0.04359098748368027,False,50,24,0.48,473
original,50,0.07243374190740974,,True,,,True,50,50,1.0,473
half,25,0.058087208687256524,0.18313914543559837,False,0.14855705067463745,0.1510204081632653,False,50,49,0.98,477
sqrt,7,0.06734617160730424,0.03334981959383915,False,0.016553662152829548,0.025042885147958726,False,50,35,0.7,477
log,3,0.17406595960770868,0.27794895329883224,False,0.3723371190264803,0.19338969779877435,False,50,16,0.32,477
ten_percent,5,0.10591953334176693,0.16235079891323842,False,0.15580159164642218,0.12505983456855152,False,50,22,0.44,477
original,50,0.05931874256636526,,True,,,True,50,50,1.0,477
half,25,0.07617273004263425,,True,,,True,50,50,1.0,480
sqrt,7,0.08970329526574958,-0.08889459354269477,False,-0.19318005681492487,-0.06489382322564256,False,50,29,0.58,480
log,3,0.22569148606485748,-0.18940248930254253,False,-0.11399318797855228,-0.12680589189493172,False,50,7,0.14,480
ten_percent,5,0.10578839021597439,-0.013052738088013572,False,-0.0032195192471057388,-0.009769097991089002,False,50,20,0.4,480
original,50,0.07617273004263425,,True,,,True,50,50,1.0,480
half,25,0.07359980806847148,,True,,,True,50,50,1.0,486
sqrt,7,0.09515971348715091,0.09991453434847701,False,0.022648536792908697,0.07317990670945423,False,50,34,0.68,486
log,3,0.34399844844381966,-0.031246672958204182,False,0.05333376891565475,-0.019403410990317616,False,50,13,0.26,486
ten_percent,5,0.15418066248775028,0.02643509987168497,False,0.030962762878653103,0.015970187338234708,False,50,25,0.5,486
original,50,0.07359980806847148,,True,,,True,50,50,1.0,486
half,25,0.07616240039335181,,True,,,True,50,50,1.0,478
sqrt,7,0.0775603866051595,0.03939188282398407,False,0.12497385551620657,0.022766259225417022,False,50,35,0.7,478
log,3,0.1626982150901416,-0.027784978220930154,False,0.03240785710575547,-0.019198055541705106,False,50,18,0.36,478
ten_percent,5,0.10909891091205946,-0.11875803917594203,False,0.0015851714859878032,-0.09284808553822704,False,50,29,0.58,478
original,50,0.07616240039335181,,True,,,True,50,50,1.0,478
half,25,0.08276087484724837,,True,,,True,50,50,1.0,481
sqrt,7,0.10722664893452911,-0.04761117707234532,False,-0.09405085963731778,-0.044727135637788684,False,50,30,0.6,481
log,3,0.2644376799450683,0.1243623189909884,False,0.025584605218716343,0.07301456300543722,False,50,12,0.24,481
ten_percent,5,0.16057668959140461,-0.01160667029082478,False,-0.05364983781035255,-0.01408093951162737,False,50,19,0.38,481
original,50,0.08276087484724837,,True,,,True,50,50,1.0,481
half,25,0.07561745053401207,,True,,,True,50,50,1.0,479
sqrt,7,0.09453921040820536,-0.18435584499567695,False,-0.209572707564009,-0.13819270500145447,False,50,24,0.48,479
log,3,0.25213290863725707,-0.24527598322728345,False,-0.2786123741153844,-0.16797663601666277,False,50,7,0.14,479
ten_percent,5,0.1294891019781075,-0.22020724362553634,False,-0.2659578996527933,-0.15514759137051656,False,50,21,0.42,479
original,50,0.07561745053401207,,True,,,True,50,50,1.0,479
half,25,0.060246694257939035,,True,,,True,50,50,1.0,483
sqrt,7,0.07224414820339105,0.02130207077038692,False,-0.009694459940124224,0.0009394227846020416,False,50,25,0.5,483
log,3,0.2726915337195052,0.17536952015218085,False,0.21353368089711816,0.12320562312344334,False,50,6,0.12,483
ten_percent,5,0.11783746449431462,-0.03918592214546574,False,-0.026928026249510035,-0.0290269805124067,False,50,15,0.3,483
original,50,0.060246694257939035,,True,,,True,50,50,1.0,483
half,25,0.09074758257289675,,True,,,True,50,50,1.0,482
sqrt,7,0.1250699512474793,-0.04308256941713985,False,-0.028340535007147928,-0.05091669206935032,False,50,29,0.58,482
log,3,0.28021375816161387,-0.05697110226399368,False,-0.013715048211262027,-0.05220133115091674,False,50,9,0.18,482
ten_percent,5,0.17574026098050585,-0.12136871902523118,False,-0.1369358169269765,-0.08202805549637636,False,50,18,0.36,482
original,50,0.10479708003838706,0.16334031890202017,False,0.17460169470030074,0.1346938775510204,False,50,49,0.98,482
half,25,0.07402157403666351,,True,,,True,50,50,1.0,487
sqrt,7,0.0810634695905395,0.08044248414613905,False,0.16091836611639992,0.05286566567169735,False,50,24,0.48,487
log,3,0.24206893947393496,0.06706091369960715,False,0.1322659307809151,0.03659684346934516,False,50,10,0.2,487
ten_percent,5,0.12707522513903233,-0.03333830828215629,False,0.002285941769101574,-0.0246416441453479,False,50,19,0.38,487
original,50,0.07402157403666351,,True,,,True,50,50,1.0,487
half,25,0.08028659368001666,,True,,,True,50,50,1.0,489
sqrt,7,0.08971387055788234,0.2212677443665319,False,0.12761960270657088,0.1567420613774886,False,50,24,0.48,489
log,3,0.20187889342700302,0.04845163067441063,False,0.11173997869842571,0.03160636481443445,False,50,10,0.2,489
ten_percent,5,0.11578303129250671,0.2512428093581224,False,0.22038040202437095,0.16760440475893776,False,50,16,0.32,489
original,50,0.08028659368001666,,True,,,True,50,50,1.0,489
half,25,0.074728339427454,,True,,,True,50,50,1.0,485
sqrt,7,0.08888490400947507,0.18075078558572422,False,0.13159473487817977,0.148577386349498,False,50,34,0.68,485
log,3,0.23246837279119956,0.06677463550799183,False,0.09018947628459076,0.04615863178504652,False,50,12,0.24,485
ten_percent,5,0.12436569884464696,0.1074940708559713,False,0.08775478913850959,0.07881289388937748,False,50,23,0.46,485
original,50,0.074728339427454,,True,,,True,50,50,1.0,485
half,25,0.07264920853765633,,True,,,True,50,50,1.0,484
sqrt,7,0.08277444904760223,-0.07146552818300746,False,-0.06847615062630404,-0.07047483572497257,False,50,31,0.62,484
log,3,0.24111146907310738,0.19343743642394914,False,0.12500982130268853,0.11694106924093722,False,50,11,0.22,484
ten_percent,5,0.11007416888556958,0.13153432270828605,False,0.024347835254525614,0.08571428571428572,False,50,17,0.34,484
original,50,0.07264920853765633,,True,,,True,50,50,1.0,484
half,25,0.07743968150697135,,True,,,True,49,49,1.0,488
sqrt,7,0.10002972697443885,0.04533035564759932,False,-0.03464631094761605,0.03294609486840314,False,50,29,0.58,488
log,3,0.2662673395102659,-0.012792842688381961,False,-0.08184871089406164,-0.0016705867034419602,False,50,11,0.22,488
ten_percent,5,0.15633927106281198,-0.06169031727528848,False,-0.10934016920240752,-0.038188292146984285,False,50,20,0.4,488
original,50,0.0975418681093483,-0.2128373852359657,False,-0.17726474055140565,-0.17551020408163268,False,50,49,0.98,488
half,25,0.07412752745653797,,True,,,True,50,50,1.0,491
sqrt,7,0.09149682804574542,0.24352619836985762,False,0.2391716056430429,0.1739962915736369,False,50,22,0.44,491
log,3,0.291899909502216,0.26424217684223344,False,0.26017934833127815,0.18963818888660672,False,50,10,0.2,491
ten_percent,5,0.13860162639749288,0.30071706516989005,False,0.29890046966834244,0.21641444428831208,False,50,18,0.36,491
original,50,0.07549519954850704,,True,,,True,48,48,1.0,491
half,25,0.08583102796603524,0.06434618623412916,False,0.027795102131671422,0.05306122448979592,False,50,49,0.98,490
sqrt,7,0.0692901869356891,0.21632918679553476,False,0.12112993255687214,0.1771463533911262,False,50,24,0.48,490
log,3,0.16856790418377587,-0.029206622695830367,False,0.0023034805400178123,-0.023948751539237603,False,50,8,0.16,490
ten_percent,5,0.10648765382643974,-0.07657075221716472,False,-0.06191808231455778,-0.05463902214100085,False,50,15,0.3,490
original,50,0.06896065864255493,,True,,,True,50,50,1.0,490
half,25,0.07808817667296558,,True,,,True,50,50,1.0,492
sqrt,7,0.08181213850066521,0.1996657013117555,False,0.36541231320650025,0.17009396586077993,False,50,27,0.54,492
log,3,0.25038222290820195,-0.06752211530164852,False,-0.027228498287767106,-0.04383499816772218,False,50,16,0.32,492
ten_percent,5,0.1357337910730379,-0.04054926088837083,False,0.05995692257825951,-0.019361291828487635,False,50,19,0.38,492
original,50,0.07808817667296558,,True,,,True,50,50,1.0,492
half,25,0.061044700936163376,,True,,,True,50,50,1.0,493
sqrt,7,0.08655437638835985,-0.027883253001652005,False,-0.12953645648248077,-0.026955895801420757,False,50,29,0.58,493
log,3,0.2553151940227601,0.15036358471906078,False,0.015756617401606127,0.0916659110639784,False,50,8,0.16,493
ten_percent,5,0.1141330417005012,0.14169417202007126,False,0.08169534268126329,0.10390767863249212,False,50,20,0.4,493
original,50,0.061044700936163376,,True,,,True,50,50,1.0,493
half,25,0.06416514353346636,,True,,,True,50,50,1.0,497
sqrt,7,0.08928015577582238,-0.12475836982670602,False,-0.16033368479848784,-0.09471141280884336,False,50,27,0.54,497
log,3,0.20724862154319282,-0.040641517073162346,False,-0.18937357885685785,-0.0432508150092261,False,50,10,0.2,497
ten_percent,5,0.12440448345995155,-0.12050770300377754,False,-0.19489811830783887,-0.08699026799387345,False,50,21,0.42,497
original,50,0.06416514353346636,,True,,,True,50,50,1.0,497
half,25,0.06918940670470823,,True,,,True,50,50,1.0,494
sqrt,7,0.07793392671794941,0.13177125317289193,False,0.20129660168156813,0.0996195293750748,False,50,30,0.6,494
log,3,0.2904564357357977,-0.2846352512454928,False,-0.20926636864501424,-0.20627311773630905,False,50,10,0.2,494
ten_percent,5,0.11453276084651101,-0.07305562914660067,False,0.028554897958725223,-0.061278887398649194,False,50,20,0.4,494
original,50,0.06827284022532622,,True,,,True,49,49,1.0,494
half,25,0.08679609712971491,-0.04002191363573308,False,0.02503084376638174,-0.031910879475628026,False,50,48,0.96,496
sqrt,7,0.06551408350033341,0.11615137103888534,False,0.04162698290430012,0.09313806308475994,False,50,34,0.68,496
log,3,0.21610738565523563,0.2666991180269163,False,0.2464687097004436,0.1917493354673267,False,50,14,0.28,496
ten_percent,5,0.09096681133007736,0.208620368598458,False,0.16966761535925481,0.15805787053113138,False,50,28,0.56,496
original,50,0.07037385183205759,,True,,,True,50,50,1.0,496
half,25,0.07346204034992997,,True,,,True,50,50,1.0,495
sqrt,7,0.12656052268064466,-0.06751425348410395,False,-0.09030498650076609,-0.06367328894396923,False,50,21,0.42,495
log,3,0.2944034090688286,-0.05138825871358622,False,-0.0045813240827839476,-0.0189938374276712,False,50,8,0.16,495
ten_percent,5,0.1628600995604274,0.04755856638027333,False,0.04222097412234757,0.03244191939621925,False,50,15,0.3,495
original,50,0.07346204034992997,,True,,,True,50,50,1.0,495
half,25,0.07839065949244989,,True,,,True,50,50,1.0,498
sqrt,7,0.07090801190518282,0.41685730831068607,False,0.4576048876556554,0.30450178590493815,False,50,29,0.58,498
log,3,0.279790018496956,0.16205220551000732,False,0.23580038359269206,0.1350605869460227,False,50,9,0.18,498
ten_percent,5,0.13782386041207745,0.2895424867128181,False,0.40076926772093874,0.20870345708235596,False,50,20,0.4,498
original,50,0.07839065949244989,,True,,,True,50,50,1.0,498
half,25,0.07641838506052347,,True,,,True,50,50,1.0,500
sqrt,7,0.08103288377426693,0.15982090790734155,False,0.13356398170149048,0.11607620001760188,False,50,31,0.62,500
log,3,0.3423853100985116,0.16898698042633456,False,0.20394322814809754,0.10854562509158878,False,50,9,0.18,500
ten_percent,5,0.12202739583682884,0.09759971913249542,False,0.13398907340942337,0.06829877767625106,False,50,15,0.3,500
original,50,0.09602624935344804,-0.20293797196917657,False,-0.1651562676104389,-0.1673469387755102,False,50,49,0.98,500
half,25,0.07799396312795395,,True,,,True,50,50,1.0,499
sqrt,7,0.08199190709786558,0.07518080541223017,False,0.1276147552340644,0.053968253968253964,False,50,32,0.64,499
log,3,0.20135642516247146,0.2593316869751529,False,0.22928092754864568,0.1781473999594778,False,50,9,0.18,499
ten_percent,5,0.11278096093252092,0.1102880628060074,False,0.07066255904044487,0.07568504987499712,False,50,19,0.38,499
original,50,0.09577818343290267,-0.04454735970055096,False,-0.05906825809938306,-0.03673469387755102,False,50,49,0.98,499
half,25,0.07351779864326763,,True,,,True,50,50,1.0,501
sqrt,7,0.07646776616698,0.11411413469580299,False,0.07607379404802074,0.0872240976868601,False,49,32,0.6530612244897959,501
log,3,0.224366585307369,0.0932555743326249,False,0.10249866526610561,0.05652297984136001,False,50,13,0.26,501
ten_percent,5,0.11784980020099674,0.04604327103864352,False,-0.025455109279135944,0.032879797461071454,False,50,25,0.5,501
original,50,0.07351779864326763,,True,,,True,50,50,1.0,501
half,25,0.07782718666086073,,True,,,True,50,50,1.0,503
sqrt,7,0.09949561050376624,-0.09031959928813335,False,-0.09868983687096716,-0.06399527949731784,False,50,24,0.48,503
log,3,0.26151361075512564,-0.22978623838446982,False,-0.22682920905674453,-0.14836190172773386,False,50,5,0.1,503
ten_percent,5,0.14354496524258326,-0.10548558172574443,False,-0.13246733224463822,-0.07512865544387617,False,50,15,0.3,503
original,50,0.07782718666086073,,True,,,True,50,50,1.0,503
half,25,0.07506507662439081,,True,,,True,50,50,1.0,504
sqrt,7,0.09060957364766295,-0.014191605898897827,False,0.005333608206468441,-0.0019047619047619048,False,50,26,0.52,504
log,3,0.20537922269122677,0.016359558017433815,False,-0.001411884168898826,-0.004129095092972,False,50,8,0.16,504
ten_percent,5,0.12446760800669077,0.019292599252490033,False,0.03874142962576724,0.012588717759558141,False,50,12,0.24,504
original,50,0.07536009030477955,,True,,,True,49,49,1.0,504
half,25,0.07377740070520757,,True,,,True,50,50,1.0,502
sqrt,7,0.10961098993093216,-0.10707772873596108,False,-0.16538778621094988,-0.06958389512486451,False,50,27,0.54,502
log,3,0.2607428344276869,-0.11291493980424681,False,-0.09048778231752454,-0.07350581495144624,False,50,11,0.22,502
ten_percent,5,0.1479818206814409,0.006536856767492695,False,-0.009642261312320257,0.006277648205743445,False,50,21,0.42,502
original,50,0.09323887891994406,-0.19303855870238745,False,-0.14356287390545014,-0.15918367346938775,False,50,49,0.98,502
half,25,0.0757375388368652,,True,,,True,49,49,1.0,506
sqrt,7,0.08954753909870314,-0.0493977783503355,False,-0.038291367754944274,-0.03693956091305807,False,50,29,0.58,506
log,3,0.19187549119479075,-0.09675862961546479,False,-0.08745376386821067,-0.0632127296288689,False,50,10,0.2,506
ten_percent,5,0.1345971952178992,-0.1645332816822527,False,-0.12325221986322785,-0.10743872099931909,False,50,16,0.32,506
original,50,0.07649481433176104,,True,,,True,50,50,1.0,506
half,25,0.07230131874422523,,True,,,True,50,50,1.0,507
sqrt,7,0.08000963214299295,0.16460161471168835,False,0.19895548740917685,0.12149828426302373,False,50,24,0.48,507
log,3,0.22293322341981647,0.2301263437566672,False,0.23191984122410006,0.1553645634201023,False,50,11,0.22,507
ten_percent,5,0.12586698483981412,0.11807020498625204,False,0.17855180681961716,0.08969808155454446,False,50,20,0.4,507
original,50,0.07230131874422523,,True,,,True,50,50,1.0,507
half,25,0.0926943913550352,-0.06123724356957945,False,-0.06697737603884811,-0.050507627227610534,False,49,48,0.9795918367346939,505
sqrt,7,0.09727478093328987,0.1009539986264963,False,0.005843145463187753,0.0849843607271728,False,50,31,0.62,505
log,3,0.22128373153016614,-0.03481217324327308,False,-0.1659141767260683,-0.01696896774047139,False,50,14,0.28,505
ten_percent,5,0.14313199339031418,0.030488698358305626,False,-0.05396292978341959,0.03856269612099545,False,50,21,0.42,505
original,50,0.07282036330029888,,True,,,True,50,50,1.0,505
half,25,0.08995694676829234,,True,,,True,50,50,1.0,508
sqrt,7,0.08650938393961777,0.005446564503554841,False,-0.006179067336944083,0.01243673571617163,False,50,31,0.62,508
log,3,0.2300448917981556,0.041367858702257454,False,0.051324168217345055,0.03562947999189556,False,50,9,0.18,508
ten_percent,5,0.12179677989605887,0.1650182086267049,False,0.15406754973901884,0.12106892968219501,False,50,21,0.42,508
original,50,0.08995694676829234,,True,,,True,50,50,1.0,508
half,25,0.07256098091656381,,True,,,True,50,50,1.0,509
sqrt,7,0.08761816472986876,-0.016559756722929364,False,-0.056767129425430336,-0.018655103574257443,False,50,31,0.62,509
log,3,0.2052572174377528,0.18937114954137804,False,0.24621969013228362,0.1264254592577378,False,50,10,0.2,509
ten_percent,5,0.1324651512878182,0.13745261029517178,False,0.08606091254157879,0.09152610682557791,False,50,19,0.38,509
original,50,0.07256098091656381,,True,,,True,50,50,1.0,509
half,25,0.07074007922496196,,True,,,True,50,50,1.0,511
sqrt,7,0.10456409999464514,-0.13166081093065063,False,-0.11730906446368382,-0.11047619047619048,False,50,26,0.52,511
log,3,0.29097163438330925,-0.07315224373542381,False,0.005815095251215652,-0.04722977580321039,False,50,9,0.18,511
ten_percent,5,0.17589538990594117,-0.12520452132829765,False,-0.10613677957845993,-0.09249972215548824,False,50,18,0.36,511
original,50,0.07074007922496196,,True,,,True,50,50,1.0,511
half,25,0.06870137039889816,,True,,,True,50,50,1.0,514
sqrt,7,0.09131760352993602,-0.01843049320310275,False,-0.0741394274798328,-0.0027824034564051235,False,50,24,0.48,514
log,3,0.3428054049447495,0.04745881110474981,False,0.009763638907704406,0.02964293576764637,False,50,7,0.14,514
ten_percent,5,0.1425109345447062,0.20383288634142074,False,0.18089917145605527,0.13728916023836688,False,50,19,0.38,514
original,50,0.06870137039889816,,True,,,True,50,50,1.0,514
half,25,0.0670856904984156,,True,,,True,50,50,1.0,510
sqrt,7,0.07076840242319479,0.18843831472255124,False,0.1752178051453402,0.15654497473226042,False,50,30,0.6,510
log,3,0.2344976069632841,0.13259247114202305,False,0.128538113633183,0.08858078930362388,False,50,13,0.26,510
ten_percent,5,0.15348085761467478,0.17271713194474153,False,0.21007557948459504,0.1232082207267395,False,50,19,0.38,510
original,50,0.08659554195145423,-0.16334031890202017,False,-0.15960403781158125,-0.1346938775510204,False,50,49,0.98,510
half,25,0.07127942538791884,,True,,,True,50,50,1.0,513
sqrt,7,0.08021032392888415,0.11510757439450195,False,-0.00029173589199476304,0.07761505257063328,False,50,34,0.68,513
log,3,0.2553591195643362,0.03793200763763392,False,0.04933476751481704,0.026152423508688957,False,50,13,0.26,513
ten_percent,5,0.11189205017833301,0.1296697939371969,False,0.1071086098642044,0.0924355298984946,False,50,22,0.44,513
original,50,0.07127942538791884,,True,,,True,50,50,1.0,513
half,25,0.06908370202498419,,True,,,True,50,50,1.0,518
sqrt,7,0.07131123234998307,0.22903078816463437,False,0.12213691888025836,0.18862382502860303,False,50,31,0.62,518
log,3,0.23946915159002058,0.3223313608691561,False,0.29891547382383465,0.21216451133712894,False,50,11,0.22,518
ten_percent,5,0.11503385550667497,0.17305316684349786,False,0.12604750727944605,0.12520815553823056,False,50,24,0.48,518
original,50,0.06908370202498419,,True,,,True,50,50,1.0,518
half,25,0.07646552179563315,,True,,,True,50,50,1.0,512
sqrt,7,0.07539395689467795,0.2688245294189981,False,0.23344013691576376,0.20865860083321994,False,50,29,0.58,512
log,3,0.1934868747741149,0.2594105137584186,False,0.23153180881682675,0.18211678358827446,False,50,12,0.24,512
ten_percent,5,0.10817431551084139,0.36988271069658035,False,0.2950935954525894,0.2628068987310141,False,50,22,0.44,512
original,50,0.07646552179563315,,True,,,True,50,50,1.0,512
half,25,0.07605041905592776,,True,,,True,50,50,1.0,515
sqrt,7,0.08724691245766433,0.11163437214482758,False,0.0967152986852757,0.0873736054488863,False,50,28,0.56,515
log,3,0.19842589633309968,0.035095836356429,False,0.0861478857019202,0.031741147365397245,False,50,11,0.22,515
ten_percent,5,0.11620462012767645,0.10833218352844763,False,0.03572137833534673,0.08878388176694302,False,50,21,0.42,515
original,50,0.0954079274203135,-0.17323973216880925,False,-0.15661196970098137,-0.14285714285714285,False,50,49,0.98,515
half,25,0.10438931793577122,0.20293797196917657,False,0.2003460040018566,0.1673469387755102,False,50,49,0.98,517
sqrt,7,0.09415052047402472,0.13350237812709265,False,0.1480535936024227,0.09631758242570392,False,50,33,0.66,517
log,3,0.29804917176457246,0.10484031245030788,False,0.10726266002019635,0.06048725673042734,False,50,9,0.18,517
ten_percent,5,0.18091190429991766,0.04645659275218092,False,0.04504084211620714,0.03138824102871723,False,50,21,0.42,517
original,50,0.08990527454482632,,True,,,True,49,49,1.0,517
half,25,0.09473893749574415,-0.18313914543559837,False,-0.16761291462351502,-0.1510204081632653,False,50,49,0.98,516
sqrt,7,0.10637655277754725,0.02547476985559993,False,0.12467517970362685,0.02319463170828817,False,50,27,0.54,516
log,3,0.37595919171766445,0.10128491066675935,False,0.13970649482435266,0.0685429785433352,False,50,8,0.16,516
ten_percent,5,0.169940381644346,0.2132097451354295,False,0.22867153138478477,0.1486951898630576,False,50,16,0.32,516
original,50,0.0750686664467285,,True,,,True,50,50,1.0,516
half,25,0.07652025121691917,,True,,,True,50,50,1.0,520
sqrt,7,0.07480197598009891,0.01745459944218896,False,0.07298002109763785,0.011087864652947612,False,50,34,0.68,520
log,3,0.22020789462979565,0.034378541525113826,False,0.03480395837739745,0.019302700564655818,False,50,12,0.24,520
ten_percent,5,0.11970767745465397,0.04694175340679761,False,0.01868742484708266,0.02133175983243928,False,50,24,0.48,520
original,50,0.07652025121691917,,True,,,True,50,50,1.0,520
half,25,0.06487732093037488,,True,,,True,50,50,1.0,519
sqrt,7,0.09365902206846148,-0.08354401574789122,False,-0.04357504118373456,-0.06095238095238095,False,50,26,0.52,519
log,3,0.3118451164464791,-0.157937852825243,False,-0.08232136501225953,-0.10979053040803546,False,50,10,0.2,519
ten_percent,5,0.14659250213502228,-0.044138705683488155,False,-0.07262143936648585,-0.02857142857142857,False,50,17,0.34,519
original,50,0.06487732093037488,,True,,,True,50,50,1.0,519
half,25,0.08375181409000242,0.05444677296734005,False,0.01743293789580825,0.044897959183673466,False,50,49,0.98,521
sqrt,7,0.07750310494059698,-0.08731408198768095,False,-0.11468988274912857,-0.06168654155354072,False,50,33,0.66,521
log,3,0.23575895656753842,-0.05141274514387468,False,-0.08008309621202367,-0.04677642769637489,False,50,11,0.22,521
ten_percent,5,0.1202653027591418,-0.014839424670403261,False,-0.0012727099921305786,-0.0026642994521151823,False,50,20,0.4,521
original,50,0.06668178026980263,,True,,,True,50,50,1.0,521
half,25,0.07364088385338087,,True,,,True,50,50,1.0,523
sqrt,7,0.09101366337801534,0.07807337263074338,False,0.1943077610620098,0.06294132656833679,False,50,25,0.5,523
log,3,0.27988675185898276,0.015689335372543915,False,-0.01338044030886787,0.016705867034419602,False,50,11,0.22,523
ten_percent,5,0.11697059079248856,0.14256735960728492,False,0.1477349604338173,0.10630576385078824,False,50,23,0.46,523
original,50,0.07434803637008455,,True,,,True,49,49,1.0,523
half,25,0.08046852627117897,,True,,,True,50,50,1.0,525
sqrt,7,0.09151323823857194,-0.07605010079721208,False,0.0019698731062516867,-0.05890362415866017,False,50,29,0.58,525
log,3,0.2322564378890786,0.20318896179396104,False,0.1502454903975044,0.14032928308912465,False,50,11,0.22,525
ten_percent,5,0.124800965581117,0.015763188268013872,False,0.021317462867803425,0.012687229593911024,False,50,22,0.44,525
original,50,0.08046852627117897,,True,,,True,50,50,1.0,525
half,25,0.08597983333028819,,True,,,True,50,50,1.0,522
sqrt,7,0.11343953025096284,0.05165707238148495,False,0.016628402072845962,0.04349907289340923,False,50,22,0.44,522
log,3,0.2840236066403365,0.01574444761459901,False,0.050092553949551095,0.014341651601539105,False,50,13,0.26,522
ten_percent,5,0.2144605633026235,0.026992704585573783,False,0.03752586181976752,0.023376623376623377,False,50,17,0.34,522
original,50,0.08597983333028819,,True,,,True,50,50,1.0,522
half,25,0.07224400846671741,,True,,,True,50,50,1.0,524
sqrt,7,0.09156937190439227,-0.13803566587630842,False,-0.13490180076200378,-0.10658960801980241,False,50,36,0.72,524
log,3,0.19713110679673296,-0.05789112276752558,False,-0.10893753034833441,-0.03458868915665314,False,50,13,0.26,524
ten_percent,5,0.1029941527696191,-0.050502522689867525,False,-0.10257298172502434,-0.034360406637202474,False,50,28,0.56,524
original,50,0.07224400846671741,,True,,,True,50,50,1.0,524
half,25,0.07222649550400098,0.13364207910165288,False,0.08401212353406487,0.11020408163265306,False,50,49,0.98,527
sqrt,7,0.08128937419342491,0.17518481364764715,False,0.12661137079021642,0.13530201829834768,False,50,27,0.54,527
log,3,0.22500763795214176,0.1481516894978182,False,0.1790264731442694,0.1065844770309256,False,50,12,0.24,527
ten_percent,5,0.11700633921124937,0.2112260581847367,False,0.21723365001806552,0.14653646986633503,False,50,20,0.4,527
original,50,0.07187401173546987,,True,,,True,50,50,1.0,527
half,25,0.06909751421478667,,True,,,True,50,50,1.0,526
sqrt,7,0.08521353611003814,0.10040384059583418,False,0.11409047852730639,0.07876599286908698,False,50,31,0.62,526
log,3,0.3049000608604254,-0.163723122159501,False,-0.09665092902389594,-0.106463544638095,False,50,10,0.2,526
ten_percent,5,0.14394793519959692,0.019523250183556235,False,0.10590683994045162,0.01570749998866781,False,50,18,0.36,526
original,50,0.06909751421478667,,True,,,True,50,50,1.0,526
half,25,0.07008513022216487,-0.18313914543559837,False,-0.14989071424418768,-0.1510204081632653,False,50,49,0.98,532
sqrt,7,0.08925189212037424,-0.015539229668847576,False,-0.1315027693990309,-0.009523809523809523,False,50,32,0.64,532
log,3,0.2174399119773426,-0.12327408129607481,False,-0.060946268978154014,-0.094969187138356,False,50,8,0.16,532
ten_percent,5,0.1124331202514444,-0.06527042068060145,False,-0.1253889370868392,-0.05101073003409393,False,50,24,0.48,532
original,50,0.08620427678881304,0.1632993161855452,False,0.13284108792818908,0.13468700594029476,False,49,48,0.9795918367346939,532
half,25,0.09128040312255724,,True,,,True,50,50,1.0,529
sqrt,7,0.08027528316970883,0.07747050134731724,False,0.20405039415671528,0.05218792134364839,False,50,27,0.54,529
log,3,0.16184611573764285,-0.04161378615674015,False,0.10973075281309193,-0.04471220793421015,False,50,13,0.26,529
ten_percent,5,0.09001640281263264,0.06552498550384872,False,0.23974586679681256,0.04359098748368027,False,50,24,0.48,529
original,50,0.09128040312255724,,True,,,True,50,50,1.0,529
half,25,0.07844528039638012,0.07424559950091826,False,0.03256751902688913,0.061224489795918366,False,50,49,0.98,530
sqrt,7,0.09425546610763083,0.24545262903239706,False,0.22501340625316008,0.17142857142857143,False,50,26,0.52,530
log,3,0.24031863043657636,0.19195894494332189,False,0.21667394129715126,0.14518987816023726,False,50,12,0.24,530
ten_percent,5,0.15928025547893207,0.16165272867950703,False,0.12685896973449765,0.1125957796072864,False,50,16,0.32,530
original,50,0.07927283680922696,,True,,,True,50,50,1.0,530
half,25,0.08547296378911615,,True,,,True,50,50,1.0,528
sqrt,7,0.08339502627515342,0.20468742185823927,False,0.026466271236216584,0.14689933415249176,False,50,27,0.54,528
log,3,0.1796647930168755,0.14101091884061775,False,0.17609399186880903,0.10357637561340154,False,50,11,0.22,528
ten_percent,5,0.12183707906178727,0.07706028472955319,False,0.058123435363243,0.057594166625115316,False,50,18,0.36,528
original,50,0.08547296378911615,,True,,,True,50,50,1.0,528
half,25,0.08587086226915065,0.05444677296734005,False,0.05279113015446147,0.044897959183673466,False,50,49,0.98,531
sqrt,7,0.07385166038001295,0.08954620837947416,False,0.028243632531581644,0.06666666666666667,False,50,32,0.64,531
log,3,0.18156943974649997,0.1228595646865362,False,0.07748944495425879,0.09021168198586586,False,50,11,0.22,531
ten_percent,5,0.09225508334076564,0.09887297734924182,False,0.04458893062706675,0.062140343859714425,False,50,24,0.48,531
original,50,0.08327981038076487,,True,,,True,50,50,1.0,531
half,25,0.07354252797209462,,True,,,True,50,50,1.0,533
sqrt,7,0.10562610865561581,-0.19656322182014405,False,-0.23973345641026328,-0.14824061149193068,False,50,28,0.56,533
log,3,0.2995906426945397,-0.07159712449982798,False,-0.011891278941515837,-0.037161855836748005,False,50,8,0.16,533
ten_percent,5,0.1371847674170692,-0.1311229430742656,False,-0.17556159177763064,-0.09325048082403138,False,50,20,0.4,533
original,50,0.07354252797209462,,True,,,True,50,50,1.0,533
half,25,0.08526927828915971,0.12374266583486376,False,0.06494412653738763,0.10204081632653061,False,50,49,0.98,534
sqrt,7,0.08331101752519617,0.05742623749386526,False,-0.06935170862699903,0.044727135637788684,False,50,30,0.6,534
log,3,0.22723402082285,0.1553100632302448,False,0.20801023403362418,0.09860251439617607,False,50,9,0.18,534
ten_percent,5,0.08556809227701122,0.2335361523019125,False,0.30365158600878617,0.17037136883251944,False,50,22,0.44,534
original,50,0.0839615870710853,,True,,,True,50,50,1.0,534
half,25,0.08672359362048898,,True,,,True,50,50,1.0,537
sqrt,7,0.10139920553481836,0.26989490381445497,False,0.30161429463778094,0.1886912706099453,False,50,29,0.58,537
log,3,0.2799579699497031,0.24538120522658685,False,0.26023190404474394,0.15870573682698624,False,50,11,0.22,537
ten_percent,5,0.15893921566466399,0.294956697981707,False,0.3283081448177192,0.17647726450090245,False,50,14,0.28,537
original,50,0.08672359362048898,,True,,,True,50,50,1.0,537
half,25,0.08787301079506506,0.12374266583486376,False,0.12095780773290465,0.10204081632653061,False,50,49,0.98,536
sqrt,7,0.09833083350883473,-0.006317235005640062,False,0.00268267886962022,0.007331431989709533,False,50,23,0.46,536
log,3,0.2778434609880684,0.23787106234569128,False,0.23464703459986513,0.1729171253112705,False,50,7,0.14,536
ten_percent,5,0.18505866050351621,0.08047422174163293,False,0.027653061597336045,0.0501176011032588,False,50,11,0.22,536
original,50,0.07974157532428962,,True,,,True,50,50,1.0,536
half,25,0.07942701370688343,,True,,,True,50,50,1.0,539
sqrt,7,0.08480580477919343,0.17800156164826608,False,0.024188720800783176,0.1305695452213694,False,50,28,0.56,539
log,3,0.2264239810828078,0.15156649339681327,False,0.18891411654990808,0.1147888435846216,False,50,8,0.16,539
ten_percent,5,0.11423312812486987,0.126854747349668,False,0.03666718211060032,0.0808170833808272,False,50,20,0.4,539
original,50,0.07942701370688343,,True,,,True,50,50,1.0,539
half,25,0.0891977702624761,0.09404442603449646,False,0.07790620387654455,0.07755102040816327,False,50,49,0.98,535
sqrt,7,0.07352594385597705,0.18057542101470378,False,0.14127970533543074,0.142313613392964,False,50,30,0.6,535
log,3,0.21005048994248174,0.20857298724036905,False,0.22730477682427622,0.16157554880045658,False,50,9,0.18,535
ten_percent,5,0.10766463953969463,0.24838274422365034,False,0.2988718416011214,0.17073139157848186,False,50,19,0.38,535
original,50,0.07336444706517452,,True,,,True,50,50,1.0,535
half,25,0.0897981289435882,,True,,,True,49,49,1.0,538
sqrt,7,0.09740607145921251,-0.024438223031738447,False,0.06643217933025446,-0.03617124493326661,False,50,24,0.48,538
log,3,0.27396974350567294,0.049752302911842836,False,-0.025562007431865385,0.0404651319111256,False,50,8,0.16,538
ten_percent,5,0.15110554634625292,0.03992568827085777,False,-0.004765054565668496,0.032034632034632034,False,50,17,0.34,538
original,50,0.08980170386229137,,True,,,True,50,50,1.0,538
half,25,0.08444388333547204,,True,,,True,49,49,1.0,540
sqrt,7,0.11122300869445546,-0.07635140924585673,False,-0.1249626722528446,-0.05489239373728612,False,50,30,0.6,540
log,3,0.4079799052776676,-0.1110257154310077,False,-0.14761403520845282,-0.08278758052210564,False,50,5,0.1,540
ten_percent,5,0.15766881169479824,-0.03496481330102892,False,-0.11384551676715093,-0.027924444424298336,False,50,18,0.36,540
original,50,0.08448685375824222,,True,,,True,50,50,1.0,540
half,25,0.06093801965505161,,True,,,True,50,50,1.0,542
sqrt,7,0.09246172324476765,0.01118754333635741,False,0.06287766557940284,0.011428571428571429,False,50,26,0.52,542
log,3,0.26978428095437473,-0.009027402198971421,False,0.10363184109275292,-0.0033411734068839205,False,50,11,0.22,542
ten_percent,5,0.15082972197284966,-0.006442180791047522,False,0.020651058504574476,-0.005235833329555938,False,50,18,0.36,542
original,50,0.062098901363198046,,True,,,True,49,49,1.0,542
half,25,0.06515295790328261,,True,,,True,50,50,1.0,544
sqrt,7,0.09320992388969167,0.04346926848050008,False,0.06541149546529283,0.027060403659669538,False,50,27,0.54,544
log,3,0.35249373200945966,0.2239097271551139,False,0.16934703796852474,0.1445612644648402,False,50,6,0.12,544
ten_percent,5,0.1289763882710608,0.27604119257625404,False,0.30863646888332696,0.1900926834069695,False,50,19,0.38,544
original,50,0.06515295790328261,,True,,,True,50,50,1.0,544
half,25,0.07913952265551881,-0.2227367985027548,False,-0.18779619048636917,-0.1836734693877551,False,50,49,0.98,541
sqrt,7,0.0939938517969924,-0.09142647442366084,False,-0.15859923216485977,-0.06505765183678354,False,50,30,0.6,541
log,3,0.27656807283382334,-0.14516255835458322,False,-0.13531566548242296,-0.09522344209619173,False,50,11,0.22,541
ten_percent,5,0.1331373921620479,0.01731518548335851,False,-0.025176122484085028,0.02062655839029989,False,50,21,0.42,541
original,50,0.059498028035777285,,True,,,True,50,50,1.0,541
half,25,0.06625371140084683,,True,,,True,50,50,1.0,545
sqrt,7,0.10195712528683364,0.1681067030675112,False,0.09638424443129819,0.1305797670596838,False,50,25,0.5,545
log,3,0.27369193235088257,0.10557715833770322,False,0.032684359803598025,0.06515288143423645,False,50,11,0.22,545
ten_percent,5,0.19437210774700994,0.15779571703176282,False,0.1038093505156788,0.10228166239135177,False,50,16,0.32,545
original,50,0.06625371140084683,,True,,,True,50,50,1.0,545
half,25,0.09428873402638971,-0.15344090563523108,False,-0.15228196053804802,-0.12653061224489795,False,50,49,0.98,543
sqrt,7,0.08290828396690865,0.04500277152782959,False,0.04092376257582627,0.03632385844504262,False,50,28,0.56,543
log,3,0.19053358535986242,-0.06415731295418726,False,-0.09709952621603433,-0.03508232077228116,False,50,11,0.22,543
ten_percent,5,0.11307441038860745,0.02098411686633694,False,0.010220986583058986,0.018124613705587177,False,50,22,0.44,543
original,50,0.07489955224647452,,True,,,True,50,50,1.0,543
half,25,0.06650982911545007,,True,,,True,50,50,1.0,546
sqrt,7,0.0827267958229329,0.027426228191736277,False,0.04109351230909271,0.025042885147958726,False,50,35,0.7,546
log,3,0.3333176438092088,0.06614491272168296,False,-0.0508479860975719,0.04990478654910703,False,50,10,0.2,546
ten_percent,5,0.13757280624294463,-0.031187293738037667,False,-0.05873577065223296,-0.017039330844160778,False,50,21,0.42,546
original,50,0.06650982911545007,,True,,,True,50,50,1.0,546
half,25,0.0740197139532989,,True,,,True,50,50,1.0,547
sqrt,7,0.11199911796086942,0.085244613163698,False,0.1261994147348435,0.06505765183678354,False,50,30,0.6,547
log,3,0.3999834654490251,0.12863044306604152,False,0.12241458609331152,0.1002596995120782,False,50,9,0.18,547
ten_percent,5,0.18475469149156307,0.006237458747607534,False,0.052558378721014105,-0.006277648205743445,False,50,21,0.42,547
original,50,0.0740197139532989,,True,,,True,50,50,1.0,547
half,25,0.07982455985546277,-0.1939179379703349,False,-0.15298772041846515,-0.15994081955410003,False,49,48,0.9795918367346939,549
sqrt,7,0.0974822907635579,0.01438513698211495,False,0.016982489606427127,0.011597315854144086,False,50,27,0.54,549
log,3,0.22336515851045843,0.11777844152993548,False,0.05032871177578917,0.07652067270863078,False,50,10,0.2,549
ten_percent,5,0.12904400886459022,0.07361789804731406,False,0.05387659255232433,0.05061305551904074,False,50,18,0.36,549
original,50,0.07811973152071694,,True,,,True,50,50,1.0,549
half,25,0.06070266166848027,,True,,,True,50,50,1.0,548
sqrt,7,0.07762128643561311,0.020766906843271402,False,-0.07856887198049478,0.013530201829834769,False,50,27,0.54,548
log,3,0.24706511282099744,0.1434829470823166,False,0.20785649515851057,0.0883626349896008,False,50,8,0.16,548
ten_percent,5,0.1163259937056991,0.12397509751321224,False,0.16790659721448542,0.08028277771985771,False,50,18,0.36,548
original,50,0.06158787095210092,,True,,,True,49,49,1.0,548
half,25,0.07522267830170001,,True,,,True,50,50,1.0,556
sqrt,7,0.09217693559817644,-0.03553080892935733,False,-0.15104157792015116,-0.019047619047619046,False,50,26,0.52,556
log,3,0.2216410494285027,0.014047989518185476,False,-0.015711288764892483,0.006682346813767841,False,50,11,0.22,556
ten_percent,5,0.1294095295795398,-0.04476642492543058,False,-0.09672385459400518,-0.023978695069036642,False,50,20,0.4,556
original,50,0.07535944565653555,,True,,,True,49,49,1.0,556
half,25,0.08335945752168807,,True,,,True,50,50,1.0,552
sqrt,7,0.08982934734196588,-0.0777626998299431,False,-0.056766236663270304,-0.04891995904702285,False,50,29,0.58,552
log,3,0.2538871125506438,0.047394601903447964,False,0.04294037063338003,0.028903665650804,False,50,8,0.16,552
ten_percent,5,0.13418975577716027,0.05227510061743142,False,-0.002879139270051765,0.04014138885992886,False,50,18,0.36,552
original,50,0.08335945752168807,,True,,,True,50,50,1.0,552
half,25,0.07634348269196045,,True,,,True,50,50,1.0,550
sqrt,7,0.09277317844495894,0.35883457484935954,False,0.4095566310289782,0.2680381996336936,False,50,24,0.48,550
log,3,0.37281886633417854,0.2884553270692949,False,0.29795670188017986,0.19432591225457066,False,50,7,0.14,550
ten_percent,5,0.1606107758033553,0.29503835294865566,False,0.27348928941834605,0.20489633302875318,False,50,15,0.3,550
original,50,0.07634348269196045,,True,,,True,50,50,1.0,550
half,25,0.07802560274963609,,True,,,True,50,50,1.0,554
sqrt,7,0.10880803404157885,-0.0898058128401791,False,-0.1657069454709727,-0.06781574590481318,False,50,23,0.46,554
log,3,0.233421269054495,-0.004013247463550558,False,0.01640358046380262,-0.007553230655734885,False,50,12,0.24,554
ten_percent,5,0.14420279946484946,-0.10789423401189513,False,-0.14808173941819613,-0.083773333272895,False,50,18,0.36,554
original,50,0.07802560274963609,,True,,,True,50,50,1.0,554
half,25,0.0811588887701681,,True,,,True,50,50,1.0,557
sqrt,7,0.11434692166962797,-0.21522791021742735,False,-0.2396278805111543,-0.15876245059774502,False,50,25,0.5,557
log,3,0.3854670538161978,-0.3061643166615628,False,-0.32542512182514544,-0.21553876385313842,False,50,8,0.16,557
ten_percent,5,0.1980985058421146,-0.2462628324644859,False,-0.28168945236935783,-0.1844066997258779,False,50,15,0.3,557
original,50,0.0811588887701681,,True,,,True,50,50,1.0,557
half,25,0.08504837268299179,-0.14354149236844196,False,-0.12195332280132268,-0.11836734693877551,False,50,49,0.98,555
sqrt,7,0.09563026732601905,-0.22582189878469142,False,-0.20610165998721186,-0.17460317460317462,False,50,32,0.64,555
log,3,0.29842131219387125,-0.19906147567626017,False,-0.20761787162932183,-0.13307943079761875,False,50,10,0.2,555
ten_percent,5,0.1667034339953575,-0.28957407623449233,False,-0.2640440108279878,-0.21825456243022423,False,50,19,0.38,555
original,50,0.08279558300247046,0.11055643452567303,False,0.09915122756404611,0.09120440531639493,False,48,47,0.9791666666666666,555
half,25,0.08727649393089998,,True,,,True,50,50,1.0,551
sqrt,7,0.08832772495819925,0.06459050270574186,False,-0.021552218749025315,0.05036651807529125,False,50,36,0.72,551
log,3,0.13919012961768618,-0.0879046251654809,False,-0.08494615284776454,-0.05455111029141862,False,50,12,0.24,551
ten_percent,5,0.08381923067074348,0.3026978428029337,False,0.18919557260375688,0.22088832838201594,False,50,28,0.56,551
original,50,0.0859018897677543,,True,,,True,49,49,1.0,551
half,25,0.07796530270046617,,True,,,True,49,49,1.0,553
sqrt,7,0.07592188791305034,0.09994740092549698,False,0.07511560848836489,0.08541015364104616,False,50,28,0.56,553
log,3,0.17581250288099354,0.20887303945963845,False,0.2326396285608164,0.14253932901995967,False,50,14,0.28,553
ten_percent,5,0.09280604484624805,0.09934824707770526,False,0.1806257088197004,0.06887353208123127,False,50,22,0.44,553
original,50,0.09696307334615227,-0.20293797196917657,False,-0.18173226416239452,-0.1673469387755102,False,50,49,0.98,553
half,25,0.07675946150065796,,True,,,True,49,49,1.0,558
sqrt,7,0.0843026617749922,0.0080033671209585,False,-0.007378178099246552,0.007731543902762724,False,50,27,0.54,558
log,3,0.2945581415427656,-0.17223823743559682,False,-0.1169454331416808,-0.11865829538328529,False,50,4,0.08,558
ten_percent,5,0.10822110206334859,-0.046625900298679926,False,-0.02505937827442189,-0.03867793955975487,False,50,16,0.32,558
original,50,0.07709522802822256,,True,,,True,50,50,1.0,558
half,25,0.08149509963075433,,True,,,True,50,50,1.0,559
sqrt,7,0.10097164031431669,0.09965200638496138,False,0.07854736618754961,0.06857142857142856,False,50,26,0.52,559
log,3,0.32592003465569136,0.2251393939849285,False,0.26079539776404476,0.1433465125255333,False,50,9,0.18,559
ten_percent,5,0.15777573630029595,0.08360081942580755,False,0.12510313766290587,0.057594166625115316,False,50,18,0.36,559
original,50,0.08149509963075433,,True,,,True,50,50,1.0,559
half,25,0.0755629726965119,,True,,,True,50,50,1.0,561
sqrt,7,0.08279989979903414,0.15833517818136247,False,0.16342912701523943,0.1209686278302073,False,50,23,0.46,561
log,3,0.23875719787050442,-0.0041331265368834075,False,0.06216702932500543,-0.027926607907980492,False,50,6,0.12,561
ten_percent,5,0.12268203686177247,0.19285737216528814,False,0.12090257257800667,0.13244937067303764,False,50,13,0.26,561
original,50,0.0755629726965119,,True,,,True,50,50,1.0,561
half,25,0.09558563100881536,-0.19303855870238745,False,-0.15900655827708815,-0.15918367346938775,False,50,49,0.98,560
sqrt,7,0.08277805948950409,0.1560232827604914,False,0.09598610552750925,0.11440763353197239,False,50,19,0.38,560
log,3,0.239394959287031,0.29787977182768494,False,0.2865950733616081,0.20091323131404762,False,50,7,0.14,560
ten_percent,5,0.11358542213544086,0.2895823983036662,False,0.21522809281157632,0.2022587320035675,False,50,12,0.24,560
original,50,0.07593637693698316,,True,,,True,50,50,1.0,560
half,25,0.07374313878401444,,True,,,True,50,50,1.0,562
sqrt,7,0.0859758035635999,0.1442467971840527,False,0.08044022319757638,0.10285714285714286,False,50,26,0.52,562
log,3,0.2984614731483978,0.185176829274041,False,0.19417142244397304,0.11478100906294618,False,50,10,0.2,562
ten_percent,5,0.1302518565494626,0.1129086659704596,False,0.10990922324815317,0.08969808155454446,False,50,20,0.4,562
original,50,0.07301912712341281,,True,,,True,49,49,1.0,562
half,25,0.08248311975118174,,True,,,True,50,50,1.0,564
sqrt,7,0.09780124572986008,-0.13312790407084563,False,-0.12792193371954258,-0.1121073865900595,False,50,27,0.54,564
log,3,0.2447627084753934,0.05237824270526199,False,0.016310352947705553,0.03508232077228116,False,50,11,0.22,564
ten_percent,5,0.139844521997305,-0.03486645939582208,False,-0.04136928452634529,-0.02966972220081698,False,50,18,0.36,564
original,50,0.08248311975118174,,True,,,True,50,50,1.0,564
half,25,0.0669898384442787,,True,,,True,50,50,1.0,567
sqrt,7,0.08030215142350436,0.20313379192825237,False,0.17706530456773634,0.15247887149246142,False,50,30,0.6,567
log,3,0.19672515084295114,0.08686090637838777,False,0.05540802243575071,0.054835726711767174,False,50,13,0.26,567
ten_percent,5,0.11225141791434097,0.2752798326057713,False,0.22978723125446615,0.1997815217195848,False,50,23,0.46,567
original,50,0.0669898384442787,,True,,,True,50,50,1.0,567
half,25,0.07345178213033882,,True,,,True,50,50,1.0,563
sqrt,7,0.06648330630026512,0.2896568321862491,False,0.2709134287721491,0.22640089108909203,False,50,25,0.5,563
log,3,0.1795199574737432,0.20999438233975995,False,0.1643869866324836,0.13847589535513957,False,50,12,0.24,563
ten_percent,5,0.11409831075527921,0.1804219854143954,False,0.1679337511760538,0.12848857304359976,False,50,19,0.38,563
original,50,0.07345178213033882,,True,,,True,50,50,1.0,563
half,25,0.07783513090436633,,True,,,True,50,50,1.0,565
sqrt,7,0.08309648357818639,0.2831518053970481,False,0.23407068420536337,0.21068457135028423,False,50,27,0.54,565
log,3,0.26512234145338054,0.42095046905288985,False,0.41130213695761647,0.3057506538839409,False,50,9,0.18,565
ten_percent,5,0.14727088531159147,0.2674865120364401,False,0.23058998210849618,0.18611416916778414,False,50,15,0.3,565
original,50,0.07811313536086686,,True,,,True,49,49,1.0,565
half,25,0.06969902475929297,,True,,,True,50,50,1.0,573
sqrt,7,0.08760072613106319,0.07608565352365294,False,0.08731410069050388,0.05714285714285714,False,50,26,0.52,573
log,3,0.21595259733066385,-0.06515798931799108,False,-0.07258045989163218,-0.04225822045550403,False,50,9,0.18,573
ten_percent,5,0.12123399484198887,-0.03235050655527758,False,-0.060619689639598295,-0.008800587194767106,False,50,19,0.38,573
original,50,0.06969902475929297,,True,,,True,50,50,1.0,573
half,25,0.07375102001659373,,True,,,True,50,50,1.0,568
sqrt,7,0.09345530960567446,-0.04123955012447472,False,0.005494623359276623,-0.03138438079039791,False,50,33,0.66,568
log,3,0.27713091195858924,0.036892865237217784,False,0.05754179510227821,0.04615863178504652,False,50,12,0.24,568
ten_percent,5,0.13505326990419017,-0.11017565550142085,False,-0.07185019392881323,-0.07697982896054176,False,50,24,0.48,568
original,50,0.07375102001659373,,True,,,True,50,50,1.0,568
half,25,0.06908466937807052,0.05103103630798287,False,-0.025576810141509202,0.042089689356342115,False,49,48,0.9795918367346939,566
sqrt,7,0.08291746812397938,0.5033329957718943,False,0.49077954614980374,0.374037569393547,False,50,28,0.56,566
log,3,0.24253263602218944,0.22375549850141369,False,0.2882829214848277,0.1418191117191012,False,50,16,0.32,566
ten_percent,5,0.11998792696494658,0.3882693321210738,False,0.4399023541461348,0.2860813968045941,False,50,21,0.42,566
original,50,0.06883518161786846,,True,,,True,50,50,1.0,566
half,25,0.07342242347582004,,True,,,True,50,50,1.0,571
sqrt,7,0.09008886137664508,-0.08624831431306407,False,-0.07383412178349483,-0.06243386243386243,False,50,32,0.64,571
log,3,0.22689295800057774,-0.03531600711090054,False,-0.0897928752931056,-0.022777917249503288,False,50,13,0.26,571
ten_percent,5,0.14906058976834163,0.051700251286158266,False,-0.016938521730368587,0.031158585956265517,False,50,23,0.46,571
original,50,0.07342242347582004,,True,,,True,50,50,1.0,571
half,25,0.08047471722844689,,True,,,True,50,50,1.0,570
sqrt,7,0.09019293551317517,-0.023457942992932097,False,0.1311335557951391,-0.014091341769030624,False,50,25,0.5,570
log,3,0.25240641062045877,0.01776752991688819,False,0.043746638767337656,0.025612041628594148,False,50,15,0.3,570
ten_percent,5,0.16946977514336944,-0.05050722037699922,False,0.004342611692136907,-0.030303030303030304,False,50,17,0.34,570
original,50,0.08047471722844689,,True,,,True,50,50,1.0,570
half,25,0.0734550194659859,,True,,,True,50,50,1.0,569
sqrt,7,0.08014798540986394,0.13031697839334014,False,0.09438884521317473,0.09631758242570392,False,50,33,0.66,569
log,3,0.2511718911747506,-0.13104331322676993,False,-0.05323218920409609,-0.08484483870235696,False,50,14,0.28,569
ten_percent,5,0.11552014282718873,-0.02175355648736163,False,-0.03071691952448812,-0.013333333333333334,False,50,26,0.52,569
original,50,0.0734550194659859,,True,,,True,50,50,1.0,569
half,25,0.07876574922041757,,True,,,True,50,50,1.0,572
sqrt,7,0.0911785587732266,0.11491306995296559,False,0.13968462805037027,0.08148325002536587,False,50,28,0.56,572
log,3,0.2485518091705049,0.23281670526501133,False,0.2576261210304901,0.16029633947170702,False,50,12,0.24,572
ten_percent,5,0.13663369901467473,0.040200448103768036,False,-0.014323077384794918,0.022202495434293187,False,50,20,0.4,572
original,50,0.07932733530588941,,True,,,True,48,48,1.0,572
half,25,0.06524451687068808,0.0071428571428571435,False,0.5459486058211876,0.002991813630654968,False,49,47,0.9591836734693877,574
sqrt,7,0.08211216388989939,-0.029914136580619487,False,0.17309839947608782,-0.01821300738033362,False,50,35,0.7,574
log,3,0.2211733497897666,0.08533282176521918,False,0.206848156984348,0.06146889990862595,False,50,15,0.3,574
ten_percent,5,0.1136499603223594,0.005339264687952049,False,0.22590000181343448,-0.004484034432673889,False,50,21,0.42,574
original,50,0.07219408205451347,,True,,,True,49,49,1.0,574
half,25,0.08444441089774148,,True,,,True,49,49,1.0,575
sqrt,7,0.08734682777708876,-0.1296089848077758,False,-0.11240630836375372,-0.08736631896798987,False,50,25,0.5,575
log,3,0.2709702949233066,-0.020339490473464204,False,0.018412499508187755,-0.019761957178430913,False,50,7,0.14,575
ten_percent,5,0.14729739367877692,-0.13799768989124453,False,-0.09812260393488276,-0.08644252861563259,False,50,12,0.24,575
original,50,0.08365684780256565,,True,,,True,50,50,1.0,575
half,25,0.07672037821355199,0.16334031890202017,False,0.12127795991421948,0.1346938775510204,False,50,49,0.98,580
sqrt,7,0.07909338577389875,0.15233875869033695,False,0.06244659516000637,0.11400341073157326,False,50,31,0.62,580
log,3,0.1955752699560628,-0.051962653713312906,False,-0.061308282667334464,-0.03231510976009132,False,50,9,0.18,580
ten_percent,5,0.12426875969058047,-0.13409408442378418,False,-0.17281789430127104,-0.09328622426453133,False,50,19,0.38,580
original,50,0.07853777244150262,,True,,,True,50,50,1.0,580
half,25,0.06967337388887891,,True,,,True,50,50,1.0,579
sqrt,7,0.10511817307353029,0.09785325283246699,False,0.11261813337194143,0.07264135780931702,False,50,21,0.42,579
log,3,0.2728909622864848,0.11009020218790756,False,0.07222442113517548,0.078452806766468,False,50,8,0.16,579
ten_percent,5,0.16060460654784983,0.00663991878599002,False,0.002572845878387194,0.01976872466387471,False,50,16,0.32,579
original,50,0.06967337388887891,,True,,,True,50,50,1.0,579
half,25,0.06880922515832424,0.06434618623412916,False,0.06524675601358715,0.05306122448979592,False,50,49,0.98,582
sqrt,7,0.1059081212440549,0.27010897869354633,False,0.30400238488906717,0.204665134788565,False,50,29,0.58,582
log,3,0.34313248559919074,0.29432557738037496,False,0.26767130128815764,0.2079366106212793,False,50,10,0.2,582
ten_percent,5,0.16310711972692704,0.18101278301941037,False,0.15978324319086296,0.13246753246753246,False,50,17,0.34,582
original,50,0.06416677349870988,,True,,,True,50,50,1.0,582
half,25,0.08357361278181752,,True,,,True,50,50,1.0,576
sqrt,7,0.11963488984137015,-0.25873968634853084,False,-0.2211630695886505,-0.18456609594153986,False,50,24,0.48,576
log,3,0.2051154730041088,-0.011846332874335987,False,-0.003162247407738477,-0.010910222058283724,False,50,12,0.24,576
ten_percent,5,0.15699809794447206,-0.09456727985636935,False,-0.08849601826833363,-0.07330166661378312,False,50,18,0.36,576
original,50,0.08357361278181752,,True,,,True,50,50,1.0,576
half,25,0.0699506308216484,,True,,,True,50,50,1.0,577
sqrt,7,0.07525805350799035,-0.016930189815115366,False,-0.0672317381296883,-0.018328579974273833,False,50,23,0.46,577
log,3,0.16925321343115798,0.040834359384304277,False,0.046518456562376416,0.03160636481443445,False,50,10,0.2,577
ten_percent,5,0.09461687542602933,0.09136891412054557,False,0.09066854565665125,0.06146889990862595,False,50,15,0.3,577
original,50,0.0699506308216484,,True,,,True,50,50,1.0,577
half,25,0.07277348991972897,0.24253562503633297,False,0.38736587303640474,0.19999999999999998,False,50,49,0.98,578
sqrt,7,0.07011420965806639,0.2567587529100045,False,0.31609643781377605,0.19484219288668883,False,50,31,0.62,578
log,3,0.31844948089002245,-0.0015427384891354625,False,0.033536501028815155,-0.004990478654910703,False,50,10,0.2,578
ten_percent,5,0.12056665275009307,0.02292914447400102,False,0.08106568846485274,0.020426295799549733,False,50,20,0.4,578
original,50,0.07333976289692089,,True,,,True,50,50,1.0,578
half,25,0.08728551570378883,,True,,,True,50,50,1.0,581
sqrt,7,0.08745648109666954,0.12120629838350959,False,0.1906826648805169,0.08340304044773433,False,50,21,0.42,581
log,3,0.23373496086432635,0.20179995977975712,False,0.27641202403746606,0.1428666902168312,False,50,8,0.16,581
ten_percent,5,0.14926638750076304,0.2707249704628865,False,0.32505003139664973,0.1703673136793535,False,50,12,0.24,581
original,50,0.08728551570378883,,True,,,True,50,50,1.0,581
half,25,0.08496465640403854,-0.004949706633394551,False,-0.01751422567084355,-0.004081632653061224,False,50,49,0.98,583
sqrt,7,0.095642180572602,-0.0800244094027268,False,0.00981833658166907,-0.0598744691259171,False,50,34,0.68,583
log,3,0.27548219799294016,0.03098692753890405,False,0.07010205469937829,0.028903665650804,False,50,8,0.16,583
ten_percent,5,0.13166436810203924,-0.037079422262975816,False,0.002456895694275291,-0.01570749998866781,False,50,18,0.36,583
original,50,0.06742522692519631,,True,,,True,50,50,1.0,583
half,25,0.07976790649132402,,True,,,True,50,50,1.0,585
sqrt,7,0.10974727546132575,-0.07817745615708514,False,-0.052599334197267734,-0.05181973215071512,False,50,31,0.62,585
log,3,0.26887431221623176,0.022759032183077038,False,0.03766274593581932,0.015690561353293598,False,50,8,0.16,585
ten_percent,5,0.14821032060699116,-0.0756448618033744,False,-0.014849081293446894,-0.061088283865697,False,50,14,0.28,585
original,50,0.07976790649132402,,True,,,True,50,50,1.0,585
half,25,0.08665369864891645,0.08414501276770736,False,0.021189065126937835,0.06938775510204082,False,50,49,0.98,586
sqrt,7,0.09331967879648019,-0.02911982014561439,False,-0.014625805715785343,-0.020330516198994855,False,50,30,0.6,586
log,3,0.30657590735154344,-0.07834218890141022,False,-0.12929123450317465,-0.05655875808898797,False,50,10,0.2,586
ten_percent,5,0.1632727739684833,-0.020749746206218816,False,-0.026280971521958376,-0.018049705127885604,False,50,16,0.32,586
original,50,0.07762777840561672,,True,,,True,50,50,1.0,586
half,25,0.08556279455080602,,True,,,True,50,50,1.0,589
sqrt,7,0.08314693640940667,-0.04555565532413947,False,0.016874461378094306,-0.0455026455026455,False,50,32,0.64,589
log,3,0.2607135883086929,0.0971311306685262,False,0.04496745722867601,0.07170825800769552,False,50,13,0.26,589
ten_percent,5,0.1330038795469944,-0.04905137559118564,False,-0.03870389347061301,-0.05470522007862145,False,50,21,0.42,589
original,50,0.08556279455080602,,True,,,True,50,50,1.0,589
half,25,0.0722470293463974,,True,,,True,50,50,1.0,587
sqrt,7,0.09471600504093568,-0.049133031938550425,False,-0.03751012484525794,-0.04126984126984127,False,50,32,0.64,587
log,3,0.47135949673074684,-0.19603806775487836,False,-0.007438161780864116,-0.12021857283545473,False,50,7,0.14,587
ten_percent,5,0.18906045818687814,-0.33643882613424436,False,-0.2798996724310062,-0.2071418540866872,False,50,16,0.32,587
original,50,0.073439345949831,,True,,,True,49,49,1.0,587
half,25,0.07566777382981474,,True,,,True,50,50,1.0,588
sqrt,7,0.10905344987784706,-0.08275257188737707,False,-0.01149235286582426,-0.06146889990862597,False,50,35,0.7,588
log,3,0.3277016446799614,0.052281692949123264,False,0.03069181825257266,0.0501176011032588,False,50,11,0.22,588
ten_percent,5,0.14192069690585532,-0.047556145122458385,False,-0.0285448715019775,-0.020161437971701217,False,50,23,0.46,588
original,50,0.0766276958296855,,True,,,True,49,49,1.0,588
half,25,0.07658425955224535,,True,,,True,50,50,1.0,584
sqrt,7,0.08049818561158373,0.14744281373542928,False,0.10917618814304493,0.10775173585467274,False,50,30,0.6,584
log,3,0.3419998556654821,0.19501178714227957,False,0.20343500328448075,0.13806990945252945,False,50,10,0.2,584
ten_percent,5,0.16566699054258366,0.12923703144177778,False,0.10504546978351993,0.0907544443789696,False,50,18,0.36,584
original,50,0.07658425955224535,,True,,,True,50,50,1.0,584
half,25,0.06488991241493365,,True,,,True,49,49,1.0,592
sqrt,7,0.07211324978157585,0.34676204924496695,False,0.18171738689629105,0.24952380952380954,False,50,26,0.52,592
log,3,0.18198245097229307,0.26139775275288996,False,0.2455924763569436,0.17133976715193416,False,50,10,0.2,592
ten_percent,5,0.10705144957395901,0.29461912304706644,False,0.1933057711514593,0.197216388746607,False,50,18,0.36,592
original,50,0.06523085340687686,,True,,,True,50,50,1.0,592
half,25,0.06806580709624914,,True,,,True,50,50,1.0,590
sqrt,7,0.09993027249552884,-0.11814420083935724,False,-0.04721449907540035,-0.07683762193511212,False,50,33,0.66,590
log,3,0.24260168140455765,-0.13759298899976907,False,-0.08456476780642536,-0.08483813713348194,False,50,10,0.2,590
ten_percent,5,0.1386975540768327,0.13168522907949023,False,0.10149408338622005,0.10672001949763857,False,50,21,0.42,590
original,50,0.06806580709624914,,True,,,True,50,50,1.0,590
half,25,0.08275870968618232,-0.20293797196917657,False,-0.15411855246862782,-0.1673469387755102,False,50,49,0.98,595
sqrt,7,0.09069880293703349,0.18402472904665687,False,0.17517727960502033,0.14095238095238097,False,50,26,0.52,595
log,3,0.338446797029551,0.08155715968710632,False,0.1629312246734677,0.0574959574576069,False,50,6,0.12,595
ten_percent,5,0.1507742683826493,0.04991935748221357,False,0.06372603040291905,0.02857142857142857,False,50,17,0.34,595
original,50,0.06621635530933032,,True,,,True,50,50,1.0,595
half,25,0.07566118268044433,,True,,,True,50,50,1.0,593
sqrt,7,0.08909969868159057,0.00997774098099264,False,-0.048201257145702676,0.004066103239798971,False,50,30,0.6,593
log,3,0.3151707908078788,-0.09810852579345833,False,-0.1080885205515807,-0.06154923674389867,False,50,10,0.2,593
ten_percent,5,0.14561766637325355,-0.21579467096089386,False,-0.14914516539710512,-0.15497835497835497,False,50,17,0.34,593
original,50,0.07566118268044433,,True,,,True,50,50,1.0,593
half,25,0.07405985828321487,,True,,,True,49,49,1.0,594
sqrt,7,0.10389145812817394,-0.052100245378175224,False,-0.08743551403354746,-0.038516334168683705,False,50,25,0.5,594
log,3,0.324683743243782,-0.2152576813113025,False,-0.16643223097550633,-0.15202339001321838,False,50,11,0.22,594
ten_percent,5,0.1718239480829611,-0.189269448237403,False,-0.17851837773547446,-0.11389447458991679,False,50,21,0.42,594
original,50,0.07599881101338092,,True,,,True,50,50,1.0,594
half,25,0.09257084458150404,,True,,,True,50,50,1.0,591
sqrt,7,0.0984194551578645,0.12624011415081993,False,0.024039998805461538,0.09555342613527583,False,50,30,0.6,591
log,3,0.2676896276770476,0.1053266838240077,False,0.1754622880152762,0.07019461658052399,False,50,8,0.16,591
ten_percent,5,0.1178566388910737,0.21059418721120443,False,0.12540127807425025,0.14862183238581486,False,50,22,0.44,591
original,50,0.09257084458150404,,True,,,True,50,50,1.0,591
half,25,0.0668790047490209,,True,,,True,50,50,1.0,598
sqrt,7,0.07365596624101084,-0.1250236425161442,False,-0.1649070343417066,-0.0887029172235809,False,50,34,0.68,598
log,3,0.2064810838094933,0.018984044265160073,False,0.03316539987308528,0.020362761288565668,False,50,14,0.28,598
ten_percent,5,0.121776258042925,-0.07015806528694914,False,-0.040141013136492716,-0.04359098748368027,False,50,24,0.48,598
original,50,0.0668790047490209,,True,,,True,50,50,1.0,598
half,25,0.07504822867008316,0.04454735970055096,False,0.021644325706190813,0.03673469387755102,False,50,49,0.98,596
sqrt,7,0.0914886125485836,0.08425758468272611,False,0.008973268333056615,0.05765689619532758,False,50,34,0.68,596
log,3,0.2692518754989947,0.19990451859496003,False,0.1606760548856972,0.12180310601880574,False,50,9,0.18,596
ten_percent,5,0.11103349918945032,0.2802325448501931,False,0.2337119318568908,0.19611580572473,False,50,23,0.46,596
original,50,0.07644017944483025,,True,,,True,50,50,1.0,596
half,25,0.07724436494265373,,True,,,True,49,49,1.0,597
sqrt,7,0.08080573129815499,0.10732452948105135,False,0.11850678974129267,0.07697982896054176,False,50,24,0.48,597
log,3,0.2533852267766577,0.20607783963436724,False,0.10377256500650059,0.14686837386151166,False,50,12,0.24,597
ten_percent,5,0.10605266511232454,0.17924919433505349,False,0.1695141431840781,0.13766233766233765,False,50,17,0.34,597
original,50,0.07611847908700917,,True,,,True,50,50,1.0,597
half,25,0.06597626356143628,,True,,,True,49,49,1.0,599
sqrt,7,0.07681785737388876,0.020604707112545147,False,0.052590451391108,0.012978764645128512,False,50,29,0.58,599
log,3,0.22984911925039114,0.1949635765644941,False,0.25668059162092427,0.156368331187202,False,50,10,0.2,599
ten_percent,5,0.1085157830100724,0.20284508461454204,False,0.1797573415287913,0.14256951255522715,False,50,19,0.38,599
original,50,0.06595741667383917,,True,,,True,49,49,1.0,599
half,25,0.09074696687770556,-0.09404442603449646,False,-0.09999625723658152,-0.07755102040816327,False,50,49,0.98,600
sqrt,7,0.09579682281123077,-0.08475202483566706,False,-0.1362807607285274,-0.058651455917676266,False,50,23,0.46,600
log,3,0.2860123852390562,-0.1636295179224555,False,-0.10918129900926166,-0.10704393471650078,False,50,7,0.14,600
ten_percent,5,0.16124812745375108,-0.04775327903689676,False,0.020883800042098485,-0.018782163860969044,False,50,15,0.3,600
original,50,0.0718525514195565,,True,,,True,50,50,1.0,600
half,25,0.0727992070542305,,True,,,True,50,50,1.0,604
sqrt,7,0.10456417235947138,0.022336194514047576,False,0.1761322928043303,0.007731543902762724,False,50,27,0.54,604
log,3,0.2569707188526706,0.12474913802361977,False,0.18487719471774502,0.07805005010926049,False,50,12,0.24,604
ten_percent,5,0.15937990424240128,0.005679859929552553,False,0.07307678004099155,0.0035202348779068424,False,50,19,0.38,604
original,50,0.0727992070542305,,True,,,True,50,50,1.0,604
half,25,0.07516972849976199,,True,,,True,50,50,1.0,606
sqrt,7,0.09044390862086499,-0.004970928934918898,False,-0.056995476743557864,-0.002945177711760212,False,50,28,0.56,606
log,3,0.23197240501690078,0.046000865127285864,False,0.06361001927431015,0.03244191939621925,False,50,15,0.3,606
ten_percent,5,0.1482264952869047,-0.015286096316000685,False,-0.008127729543593275,0.0008880998173717274,False,50,20,0.4,606
original,50,0.07516972849976199,,True,,,True,50,50,1.0,606
half,25,0.07856892276710828,,True,,,True,50,50,1.0,611
sqrt,7,0.07477140597608155,0.23021450130286508,False,0.17506272566688533,0.1720268518364706,False,50,27,0.54,611
log,3,0.2547656386001722,-0.014704226224572379,False,0.053782406282478976,-0.01829842173467258,False,50,10,0.2,611
ten_percent,5,0.1427468798548699,0.17071432169459425,False,0.20470994605798773,0.1161079220496268,False,50,15,0.3,611
original,50,0.07856892276710828,,True,,,True,50,50,1.0,611
half,25,0.06723329302557289,,True,,,True,50,50,1.0,607
sqrt,7,0.086229728510556,0.0051794182112765794,False,-0.07890602528311713,0.0019047619047619048,False,50,26,0.52,607
log,3,0.2293835561714506,0.028694552840689523,False,-0.0397879375605578,0.03224103870689564,False,50,14,0.28,607
ten_percent,5,0.13945604156054375,0.00103719181322264,False,-0.13697379242612276,0.0,False,50,19,0.38,607
original,50,0.06723329302557289,,True,,,True,50,50,1.0,607
half,25,0.06695599921959625,,True,,,True,50,50,1.0,602
sqrt,7,0.06925346463497525,0.2217280560188949,False,0.10154537825025882,0.15474680923037842,False,50,29,0.58,602
log,3,0.17506218390711026,0.37558548314191603,False,0.2924922452383011,0.251063545059171,False,50,9,0.18,602
ten_percent,5,0.09140194152656583,0.1813499181488602,False,0.04668427904562961,0.10803362022923478,False,50,25,0.5,602
original,50,0.06695599921959625,,True,,,True,50,50,1.0,602
half,25,0.06971977825456373,,True,,,True,50,50,1.0,612
sqrt,7,0.09731602536654929,0.10352067668220177,False,0.0970646275064733,0.07344966707624588,False,50,27,0.54,612
log,3,0.28832157230179095,0.16812013356179367,False,0.2054781987458922,0.10688843997568666,False,50,9,0.18,612
ten_percent,5,0.1528333994813577,0.30906891693354804,False,0.2608637986497257,0.19999999999999998,False,50,17,0.34,612
original,50,0.07084748350794498,,True,,,True,49,49,1.0,612
half,25,0.07389379595759174,,True,,,True,50,50,1.0,603
sqrt,7,0.07351094570492117,0.014629132938699448,False,-0.06126083254584457,0.015970187338234708,False,50,25,0.5,603
log,3,0.22320897701318426,0.21313896438962127,False,0.21936812775363598,0.1447238809924104,False,50,10,0.2,603
ten_percent,5,0.07859172125678561,0.26776850692560117,False,0.2607601968858917,0.19896166652312564,False,50,18,0.36,603
original,50,0.07389379595759174,,True,,,True,50,50,1.0,603
half,25,0.07721697669460668,,True,,,True,50,50,1.0,601
sqrt,7,0.09327421974826673,-0.0648893580591676,False,0.006802524333643526,-0.05100417740355902,False,50,34,0.68,601
log,3,0.25285357009544407,-0.041776455524188946,False,-0.021312955313837614,-0.02433818766847908,False,50,12,0.24,601
ten_percent,5,0.1338355441197671,-0.14637035865067613,False,-0.0670366742737046,-0.10095238095238095,False,50,26,0.52,601
original,50,0.07721697669460668,,True,,,True,50,50,1.0,601
half,25,0.07973107988885461,,True,,,True,50,50,1.0,610
sqrt,7,0.08069125938951767,0.1040348835982041,False,0.15104028843099132,0.04974694286468652,False,50,31,0.62,610
log,3,0.22762333906804724,0.3168280247692483,False,0.32571912144657283,0.21550568474401285,False,50,11,0.22,610
ten_percent,5,0.11668056893749386,0.23921748130884188,False,0.23884211211085823,0.1394316713273612,False,50,20,0.4,610
original,50,0.07973107988885461,,True,,,True,50,50,1.0,610
half,25,0.06372970574186822,-0.07424559950091826,False,-0.07762483080657723,-0.061224489795918366,False,50,49,0.98,605
sqrt,7,0.08485820581854,0.0261024849239104,False,0.14846571374854725,0.013530201829834769,False,50,27,0.54,605
log,3,0.2839279033492025,0.13450573848126315,False,0.16090195258486578,0.09860251439617607,False,50,9,0.18,605
ten_percent,5,0.13382021990924015,0.09285807210141973,False,0.14907046189950768,0.057726488129162284,False,50,20,0.4,605
original,50,0.06166928144033749,,True,,,True,50,50,1.0,605
half,25,0.0778614172069793,,True,,,True,50,50,1.0,609
sqrt,7,0.0851220695972931,0.2569366178100032,False,0.18655016168262772,0.18938850476964256,False,50,33,0.66,609
log,3,0.25790166738782044,0.25769430956435346,False,0.21940073708136268,0.181461770191282,False,50,9,0.18,609
ten_percent,5,0.1088706103586755,0.22200363174484733,False,0.13504377717287774,0.15694120514358612,False,50,21,0.42,609
original,50,0.0778614172069793,,True,,,True,50,50,1.0,609
half,25,0.07868128428610595,,True,,,True,50,50,1.0,608
sqrt,7,0.0922012258265643,-0.14177108867826516,False,-0.0827896666192798,-0.11081868273917421,False,50,29,0.58,608
log,3,0.17591548348159283,-0.02000755958409043,False,-0.02212053940295427,-0.024465170379096124,False,50,13,0.26,608
ten_percent,5,0.12279546401782307,-0.09593514343775754,False,-0.10214747725169795,-0.07371228484185338,False,50,20,0.4,608
original,50,0.07868128428610595,,True,,,True,50,50,1.0,608
half,25,0.06483492455329985,,True,,,True,50,50,1.0,614
sqrt,7,0.07071254750735254,0.37878380411085943,False,0.3951087685071794,0.30884560361826213,False,50,31,0.62,614
log,3,0.32360207862623463,0.05177002107674827,False,0.12171269641425049,0.03728666510779768,False,50,9,0.18,614
ten_percent,5,0.13020657851302034,0.2755467751507656,False,0.2828808482537082,0.20870345708235596,False,50,20,0.4,614
original,50,0.06503030567982657,,True,,,True,49,49,1.0,614
half,25,0.09565017150750185,,True,,,True,50,50,1.0,613
sqrt,7,0.11000509033867853,-0.22857378588080227,False,-0.13145885727340562,-0.16627783287456135,False,50,25,0.5,613
log,3,0.20427830921897414,-0.10365967904377688,False,-0.05122360390766667,-0.0695727677359327,False,50,14,0.28,613
ten_percent,5,0.13940757656620265,-0.21776089069041046,False,-0.17006190232354887,-0.15313021718894765,False,50,19,0.38,613
original,50,0.09565017150750185,,True,,,True,50,50,1.0,613
half,25,0.06564498040880577,,True,,,True,50,50,1.0,621
sqrt,7,0.09755207640149116,-0.0821240550733208,False,-0.05236422799198364,-0.07331431989709533,False,50,23,0.46,621
log,3,0.21266285118337586,-0.08597755784154065,False,-0.07971754886763116,-0.06515288143423645,False,50,11,0.22,621
ten_percent,5,0.15257608411373724,-0.07206264800089168,False,-0.0559409870180062,-0.05071107631167861,False,50,16,0.32,621
original,50,0.06564498040880577,,True,,,True,50,50,1.0,621
half,25,0.05276132407631178,,True,,,True,49,49,1.0,620
sqrt,7,0.08123411256911617,-0.05438953371704141,False,-0.09176160003409074,-0.03252882591839177,False,50,30,0.6,620
log,3,0.2589276789840837,-0.0021275046794725855,False,0.040822914923587535,-0.004196239253186048,False,50,12,0.24,620
ten_percent,5,0.1237346855301908,-0.04470184991650533,False,-0.07536090578736887,-0.04014138885992886,False,50,18,0.36,620
original,50,0.05271342577188749,,True,,,True,50,50,1.0,620
half,25,0.08007441122449237,,True,,,True,50,50,1.0,618
sqrt,7,0.09924767518374708,0.019607087540960494,False,-0.012616485699925458,0.02048963330287532,False,50,35,0.7,618
log,3,0.20051464731140037,0.11356615697561685,False,0.1625866208379087,0.07512865544387617,False,50,15,0.3,618
ten_percent,5,0.11617286682950315,0.01152832455119489,False,-0.022223718742954174,0.01276243675096092,False,50,28,0.56,618
original,50,0.08007441122449237,,True,,,True,50,50,1.0,618
half,25,0.06484600497468569,,True,,,True,50,50,1.0,616
sqrt,7,0.08327740956065258,0.09203521178627408,False,0.13828775608802343,0.059183635429928626,False,50,25,0.5,616
log,3,0.3383835287005848,0.10705558777080128,False,0.15805783413381289,0.06380162696223157,False,50,9,0.18,616
ten_percent,5,0.11096671623857167,0.10347223089054434,False,0.16332201555372608,0.06688446268023,False,50,19,0.38,616
original,50,0.06484600497468569,,True,,,True,50,50,1.0,616
half,25,0.06999355120110659,0.0816496580927726,False,0.052623873036479814,0.06734350297014738,False,49,48,0.9795918367346939,617
sqrt,7,0.09050279980697035,0.19265621638228858,False,0.1196770997968315,0.14496644817680107,False,50,27,0.54,617
log,3,0.2651996805752409,-0.06739838774410552,False,-0.09709901003647084,-0.03493335058437492,False,50,10,0.2,617
ten_percent,5,0.17623249169963653,0.025458679853513768,False,-0.005802914749603806,0.030734449954312976,False,50,15,0.3,617
original,50,0.06551838173387957,,True,,,True,50,50,1.0,617
half,25,0.08267917879163597,,True,,,True,50,50,1.0,615
sqrt,7,0.08319796920720535,0.09826606387710085,False,0.016473226004465377,0.08571428571428573,False,50,32,0.64,615
log,3,0.2758201448202932,0.03132374196867475,False,0.03922448920777973,0.02064547546486,False,50,8,0.16,615
ten_percent,5,0.10415213300276249,0.11282315382672507,False,0.12713062091613983,0.08340304044773433,False,50,21,0.42,615
original,50,0.08267917879163597,,True,,,True,50,50,1.0,615
half,25,0.0616899737042618,,True,,,True,50,50,1.0,622
sqrt,7,0.11407560712123384,0.0546428621289679,False,0.062162526715193664,0.045714285714285714,False,50,26,0.52,622
log,3,0.30740329512907705,0.012606482942846055,False,0.022659333018183427,0.0024774570557832003,False,50,8,0.16,622
ten_percent,5,0.15786989692805112,0.08502695105130662,False,0.05660584773160741,0.05410361107207802,False,50,18,0.36,622
original,50,0.0616899737042618,,True,,,True,50,50,1.0,622
half,25,0.07024946462786973,,True,,,True,50,50,1.0,623
sqrt,7,0.057863582409572276,0.25961249033540545,False,0.23119063111677646,0.20102014147183084,False,50,27,0.54,623
log,3,0.22627250488207865,0.16224047711166795,False,0.18371708259177547,0.10714057372914508,False,50,13,0.26,623
ten_percent,5,0.08970975147120955,0.2716411052425226,False,0.20207662203876842,0.20528009571186695,False,50,23,0.46,623
original,50,0.08571528284081813,0.17323973216880925,False,0.13650229211914236,0.14285714285714285,False,50,49,0.98,623
half,25,0.09412071944849215,0.17350552344714176,False,0.17466198383963352,0.1431049438115632,False,49,48,0.9795918367346939,624
sqrt,7,0.0955664649816384,0.033649698779303024,False,0.06244362850267793,0.026455026455026457,False,50,32,0.64,624
log,3,0.23241072074607483,0.11445973590246654,False,0.12132373898399011,0.07851757506177212,False,50,11,0.22,624
ten_percent,5,0.12617689208789257,0.14834461652118844,False,0.13970077889879112,0.1003552793630052,False,50,20,0.4,624
original,50,0.09873624168581033,-0.20293797196917657,False,-0.1820621878020135,-0.1673469387755102,False,50,49,0.98,624
half,25,0.06335350930004606,,True,,,True,50,50,1.0,627
sqrt,7,0.09387536797425707,-0.11857629466858093,False,-0.06926602381730666,-0.08068970023574859,False,50,24,0.48,627
log,3,0.26051145001045345,-0.1705690242050396,False,-0.08381413074397229,-0.1164445019479164,False,50,10,0.2,627
ten_percent,5,0.14250001781480498,-0.10012427550055537,False,-0.04837955759936679,-0.06632055550770855,False,50,18,0.36,627
original,50,0.06335350930004606,,True,,,True,50,50,1.0,627
half,25,0.0757972351801351,,True,,,True,49,49,1.0,619
sqrt,7,0.10258683105042782,0.014100068532588616,False,0.007085472866513589,0.007331431989709533,False,50,23,0.46,619
log,3,0.2871797181889313,0.15420507316406548,False,0.04543568262193995,0.10210344542189305,False,50,7,0.14,619
ten_percent,5,0.17621118336647892,0.02262548498098362,False,-0.007152461326922322,0.008484483870235695,False,50,14,0.28,619
original,50,0.07931792665071798,,True,,,True,50,50,1.0,619
half,25,0.06997571190222283,0.11384325256807468,False,0.09007016552932415,0.09387755102040816,False,50,49,0.98,625
sqrt,7,0.08127652325494522,-0.07759135812576959,False,-0.13539355424801888,-0.062140343859714425,False,50,24,0.48,625
log,3,0.1575905302262296,0.02235126854611641,False,-0.038308308157728926,0.026729387255071364,False,50,11,0.22,625
ten_percent,5,0.09892229558184745,0.041885231253476554,False,-0.00289130990647159,0.021645021645021644,False,50,17,0.34,625
original,50,0.07092567828629437,,True,,,True,50,50,1.0,625
half,25,0.07375682510405585,,True,,,True,50,50,1.0,626
sqrt,7,0.10343318996084024,-0.1155010261114677,False,-0.13970224376067308,-0.08,False,50,26,0.52,626
log,3,0.24222877362369435,-0.25107764083877204,False,-0.20402185182916172,-0.18042336397173173,False,50,11,0.22,626
ten_percent,5,0.1382132664865253,-0.07040843434299383,False,-0.10685764629920426,-0.05649883385169101,False,50,21,0.42,626
original,50,0.07375682510405585,,True,,,True,50,50,1.0,626
half,25,0.06491663102007177,,True,,,True,50,50,1.0,629
sqrt,7,0.0874228339584587,0.06332396369653598,False,0.07192972619127475,0.045821449935684586,False,50,23,0.46,629
log,3,0.3295198331722842,0.08117268279995438,False,0.053629674527094114,0.06242418238254462,False,50,6,0.12,629
ten_percent,5,0.13075522055070052,0.07640646357406783,False,0.061720275748453006,0.0580838754854629,False,50,19,0.38,629
original,50,0.06491663102007177,,True,,,True,50,50,1.0,629
half,25,0.07504294549017511,,True,,,True,50,50,1.0,628
sqrt,7,0.09835427091930823,0.008872271477258841,False,-0.15026316595015068,0.008870291722358089,False,50,34,0.68,628
log,3,0.22382447567859437,0.02901822806506094,False,0.0586233655331833,0.014341651601539105,False,50,13,0.26,628
ten_percent,5,0.12211524954070369,0.07448566728215282,False,0.053834358563732344,0.062140343859714425,False,50,24,0.48,628
original,50,0.09485172061578348,-0.2227367985027548,False,-0.19317637170480384,-0.1836734693877551,False,50,49,0.98,628
half,25,0.0687662804422144,,True,,,True,50,50,1.0,630
sqrt,7,0.08013619711831804,-0.049021238919350084,False,-0.07671817048643795,-0.04338624338624339,False,50,32,0.64,630
log,3,0.21481182276179178,0.11648684682496835,False,0.1954656281557352,0.07683612488578245,False,50,15,0.3,630
ten_percent,5,0.09647085373665933,0.08048815900323804,False,0.19432873564254646,0.05714285714285714,False,50,26,0.52,630
original,50,0.06943802995539913,,True,,,True,49,49,1.0,630
half,25,0.06000507448430909,0.05444677296734005,False,0.007150874614944318,0.044897959183673466,False,50,49,0.98,638
sqrt,7,0.08527398997917095,0.13554333861031037,False,0.09059386297061454,0.09062306852793589,False,50,22,0.44,638
log,3,0.26669459659007055,-0.05887302334514156,False,0.029002139197763864,-0.02628386626633458,False,50,6,0.12,638
ten_percent,5,0.15827786444270264,0.04458089351076645,False,0.11651313675244324,0.041123144681223266,False,50,12,0.24,638
original,50,0.0603636606014086,,True,,,True,50,50,1.0,638
half,25,0.07821315974988977,,True,,,True,49,49,1.0,631
sqrt,7,0.09753304535340077,0.08678061404080703,False,-0.0010057151189262214,0.06829877767625106,False,50,35,0.7,631
log,3,0.24568345270831457,0.23929505136822324,False,0.22380301728432347,0.17627305542838323,False,50,18,0.36,631
ten_percent,5,0.14159406680169226,0.18646271728217054,False,0.19259361744559486,0.13842335245272996,False,50,28,0.56,631
original,50,0.07671508909400035,,True,,,True,50,50,1.0,631
half,25,0.07751894299825277,,True,,,True,50,50,1.0,632
sqrt,7,0.09054663198969597,0.12809245284086831,False,0.07516634156742051,0.0851966542208039,False,50,21,0.42,632
log,3,0.31772515734884094,0.12288842505594037,False,0.16354667287096827,0.08706530700723329,False,50,6,0.12,632
ten_percent,5,0.15464196888427298,0.11677693004979608,False,0.11664778818160162,0.09021168198586586,False,50,11,0.22,632
original,50,0.07751894299825277,,True,,,True,50,50,1.0,632
half,25,0.0709064034073611,-0.17350552344714176,False,-0.1278958988665503,-0.1431049438115632,False,49,48,0.9795918367346939,635
sqrt,7,0.09113281796012973,-0.11598267959145372,False,-0.1639296274563051,-0.09198870231668352,False,50,33,0.66,635
log,3,0.2822795177181593,-0.1142590693515952,False,-0.10893852589459134,-0.08151115136354148,False,50,10,0.2,635
ten_percent,5,0.127214574571036,-0.15848530370101846,False,-0.1857957992809193,-0.11056014360408178,False,50,22,0.44,635
original,50,0.06624469717247657,,True,,,True,50,50,1.0,635
half,25,0.07488988198474017,,True,,,True,50,50,1.0,639
sqrt,7,0.08412149027923486,0.25924801152559374,False,0.34272265370304084,0.19788359788359788,False,50,32,0.64,639
log,3,0.25824912897322966,0.296702418468694,False,0.3509249460933425,0.20797673204571593,False,50,9,0.18,639
ten_percent,5,0.12101492790058221,0.15493670086092487,False,0.2933354532921005,0.1073671637761587,False,50,19,0.38,639
original,50,0.07488988198474017,,True,,,True,50,50,1.0,639
half,25,0.07938876159763869,-0.14354149236844196,False,-0.14523502335043983,-0.11836734693877551,False,50,49,0.98,637
sqrt,7,0.096593754079043,0.0005817044498309348,False,-0.1092140979235128,0.002945177711760212,False,50,28,0.56,637
log,3,0.32954849084849225,0.10753716936221291,False,0.12447671889488693,0.08534503346895912,False,50,9,0.18,637
ten_percent,5,0.1612088924217999,-0.059053789668295976,False,-0.0444903433355368,-0.03458868915665314,False,50,13,0.26,637
original,50,0.07860185835060701,,True,,,True,50,50,1.0,637
half,25,0.0892811803446662,,True,,,True,50,50,1.0,634
sqrt,7,0.08365569675082898,-0.046453913366747375,False,-0.044549893871244334,-0.031000951891867374,False,50,25,0.5,634
log,3,0.19573142489011047,0.04777953268032876,False,0.05800618866445726,0.028903665650804,False,50,8,0.16,634
ten_percent,5,0.12366639662984749,0.07899498726193206,False,0.07144848782315898,0.04921000644736703,False,50,14,0.28,634
original,50,0.0892811803446662,,True,,,True,50,50,1.0,634
half,25,0.08353774415328495,,True,,,True,50,50,1.0,636
sqrt,7,0.09335854714264595,-0.07102540175847778,False,-0.09417958035943357,-0.06425646786688674,False,50,31,0.62,636
log,3,0.23243288280764826,-0.035531195827901124,False,-0.010613305532775515,-0.023288900389583284,False,50,10,0.2,636
ten_percent,5,0.11766381964462468,0.00555699564418603,False,0.019130887534592432,0.012216944435630522,False,50,18,0.36,636
original,50,0.08353774415328495,,True,,,True,50,50,1.0,636
half,25,0.07423077207726457,,True,,,True,50,50,1.0,633
sqrt,7,0.11020321390956377,-0.08406590043753602,False,-0.14630074806351953,-0.07192946070077585,False,49,24,0.4897959183673469,633
log,3,0.3086348210680626,0.0878396727251504,False,0.03987614585545641,0.04491430789419633,False,50,10,0.2,633
ten_percent,5,0.1680092224890555,0.04878353698258887,False,0.00844875747657133,0.02094333331822375,False,50,18,0.36,633
original,50,0.07423077207726457,,True,,,True,50,50,1.0,633
half,25,0.07159188207848147,0.0816496580927726,False,0.030478039793750876,0.06734350297014738,False,49,48,0.9795918367346939,640
sqrt,7,0.09127268372437142,-0.07906275190373517,False,-0.14553802424397616,-0.06099154859698457,False,50,30,0.6,640
log,3,0.2062035591684814,-0.02983971462754099,False,-0.08248920041189041,0.01024481665143766,False,50,15,0.3,640
ten_percent,5,0.13543972573052915,-0.0473539936022779,False,-0.09664999712492629,-0.02749286996141075,False,50,23,0.46,640
original,50,0.09186733830220987,-0.2227367985027548,False,-0.181775895591501,-0.1836734693877551,False,50,49,0.98,640
half,25,0.08358811380831963,-0.09185586535436918,False,-0.10073993186311758,-0.07576144084141581,False,49,48,0.9795918367346939,641
sqrt,7,0.07938605248965082,0.20936071971642464,False,0.1773065502424209,0.1541309669154511,False,50,28,0.56,641
log,3,0.3491738015724749,0.03841645217962158,False,-0.009615188148152102,0.027839676638281793,False,50,13,0.26,641
ten_percent,5,0.1433806539891545,0.11581713402557667,False,0.057280487116978376,0.0690541302631779,False,50,21,0.42,641
original,50,0.06447156169388335,,True,,,True,50,50,1.0,641
half,25,0.08900639252627521,,True,,,True,50,50,1.0,643
sqrt,7,0.09364125837807943,-0.1721612495685271,False,-0.08693770213414637,-0.13015873015873017,False,50,32,0.64,643
log,3,0.20484636868617692,0.10200889258593687,False,0.0917307084375612,0.08145104515426267,False,50,14,0.28,643
ten_percent,5,0.12886196838416744,-0.16681527940350754,False,-0.14665970935125505,-0.1121073865900595,False,50,27,0.54,643
original,50,0.1041574215232843,0.12374266583486376,False,0.09094294997000166,0.10204081632653061,False,50,49,0.98,643
half,25,0.07741766484177158,,True,,,True,49,49,1.0,642
sqrt,7,0.08843119754116228,0.10174539649770169,False,0.10662993664158994,0.08148325002536587,False,50,28,0.56,642
log,3,0.25825369288630934,0.13068009493377347,False,0.07075471407194026,0.08854109528242389,False,50,11,0.22,642
ten_percent,5,0.13248837880394457,0.12730141899526545,False,0.11039798963268677,0.10568387826723556,False,50,20,0.4,642
original,50,0.07740240321916105,,True,,,True,50,50,1.0,642
half,25,0.07389394584717472,,True,,,True,50,50,1.0,644
sqrt,7,0.09027707119613174,0.011135749154244645,False,0.13285452814811094,0.011428571428571429,False,50,26,0.52,644
log,3,0.30920868965830783,0.044000664961819376,False,0.05782512776079121,0.03440916187612559,False,50,12,0.24,644
ten_percent,5,0.2004021905636445,-0.08617673005694566,False,0.001728674925921557,-0.05111799253248234,False,50,21,0.42,644
original,50,0.07389394584717472,,True,,,True,50,50,1.0,644
half,25,0.07495254352074922,,True,,,True,50,50,1.0,645
sqrt,7,0.09084505765678606,-0.011738267016035938,False,0.0716830631108156,-0.0010582010582010583,False,50,32,0.64,645
log,3,0.24374473664769905,0.1334525662578258,False,0.1326602487027659,0.09819199852455351,False,50,12,0.24,645
ten_percent,5,0.10897037021707812,0.03772776389454068,False,0.0571883517461071,0.038516334168683705,False,50,25,0.5,645
original,50,0.10994923177906202,-0.007293249574894726,False,-0.015254941055138672,-0.006015370864760849,False,49,47,0.9591836734693877,645
half,25,0.08674449976948681,,True,,,True,50,50,1.0,649
sqrt,7,0.08895769818564453,0.14725149310783123,False,0.1531886274549935,0.11017450061436881,False,50,27,0.54,649
log,3,0.20716932283109732,0.20238800554345848,False,0.1993699865558186,0.14306038810744015,False,50,10,0.2,649
ten_percent,5,0.10244275561142285,0.20433134451257393,False,0.18424486946329988,0.15151515151515152,False,50,17,0.34,649
original,50,0.09978584776110566,0.2227367985027548,False,0.23097898369085296,0.1836734693877551,False,50,49,0.98,649
half,25,0.08742736622594713,,True,,,True,50,50,1.0,653
sqrt,7,0.07577142314671262,0.3989790509390628,False,0.32349050845511645,0.29969305359075005,False,49,32,0.6530612244897959,653
log,3,0.21212632010674434,0.2463556025611821,False,0.2822314822038769,0.16459898708257248,False,50,14,0.28,653
ten_percent,5,0.11144031679642731,0.13259310620868042,False,0.10420993939229031,0.09904761904761905,False,50,26,0.52,653
original,50,0.08742736622594713,,True,,,True,50,50,1.0,653
half,25,0.05885350252878992,0.23263621176954388,False,0.3785090122953082,0.19183673469387755,False,50,49,0.98,646
sqrt,7,0.07059015600478082,0.22623897253689876,False,0.2761142039195024,0.18169128171492402,False,50,27,0.54,646
log,3,0.2933934929502693,-0.02401537052922432,False,0.002931780771984874,-0.020458326790221602,False,50,4,0.08,646
ten_percent,5,0.11162640672280588,0.15839400690500033,False,0.1475247794146608,0.11792786840987923,False,50,19,0.38,646
original,50,0.06036920894877698,,True,,,True,49,49,1.0,646
half,25,0.07908064243953233,,True,,,True,50,50,1.0,648
sqrt,7,0.10193495447248883,0.02006684694646144,False,-0.0007902700460141993,0.01798941798941799,False,50,32,0.64,648
log,3,0.2074949211803929,0.19565808081513997,False,0.13378309614546888,0.13197634957191487,False,50,11,0.22,648
ten_percent,5,0.14717426575055872,0.06109553680744789,False,0.06450790729887468,0.04400293597383553,False,50,19,0.38,648
original,50,0.07908064243953233,,True,,,True,50,50,1.0,648
half,25,0.07931728207402954,,True,,,True,50,50,1.0,651
sqrt,7,0.08890763813296951,0.135338197860657,False,0.040293782794126334,0.10285714285714286,False,50,26,0.52,651
log,3,0.22977141591861844,0.10695546252257633,False,0.15846398539924716,0.08812102431690699,False,50,12,0.24,651
ten_percent,5,0.12540248913553062,0.14681875797271254,False,0.1327556232124993,0.11861471861471862,False,50,17,0.34,651
original,50,0.07931728207402954,,True,,,True,50,50,1.0,651
half,25,0.0891975876887967,,True,,,True,50,50,1.0,650
sqrt,7,0.09338828504070758,0.12861786858999377,False,0.07510046538200872,0.10052910052910054,False,50,32,0.64,650
log,3,0.20751429978549787,-0.014775558530623687,False,0.00908517802063713,-0.01265439847194627,False,50,13,0.26,650
ten_percent,5,0.12692861834587527,0.012624616505157647,False,0.03441011327294569,0.02062655839029989,False,50,21,0.42,650
original,50,0.0891975876887967,,True,,,True,50,50,1.0,650
half,25,0.11255410499125641,-0.2128373852359657,False,-0.18076717640972653,-0.17551020408163268,False,50,49,0.98,647
sqrt,7,0.09711555991654235,0.14693763557367598,False,0.08616922660221946,0.1121073865900595,False,50,27,0.54,647
log,3,0.3014437763146744,0.06560136887030059,False,0.10992202064082439,0.04271128268279369,False,50,6,0.12,647
ten_percent,5,0.1317923949797577,0.1414300147705109,False,0.15580985171100775,0.10476190476190476,False,50,17,0.34,647
original,50,0.1062109227518685,0.15344090563523108,False,0.1384534837456144,0.12653061224489795,False,50,49,0.98,647
half,25,0.08569465566117294,,True,,,True,50,50,1.0,654
sqrt,7,0.10808313915205883,0.04080758135531952,False,-0.000964641394876327,0.023485569615051043,False,50,25,0.5,654
log,3,0.28273257313149075,0.1659890193154187,False,0.10967845406348901,0.11311751617797594,False,50,10,0.2,654
ten_percent,5,0.155170910735846,0.12622247965613997,False,0.09010797521795598,0.09391081930484521,False,50,15,0.3,654
original,50,0.08569465566117294,,True,,,True,50,50,1.0,654
half,25,0.077167236589837,,True,,,True,50,50,1.0,656
sqrt,7,0.10179316489070432,-0.12371865037342417,False,-0.1790630304161927,-0.10281090258923453,False,50,33,0.66,656
log,3,0.23544083156997161,-0.2793648183340801,False,-0.2578803103122532,-0.2071418540866872,False,50,16,0.32,656
ten_percent,5,0.12585796868964805,-0.13223054693389108,False,-0.16499341622478572,-0.10095238095238095,False,50,26,0.52,656
original,50,0.077167236589837,,True,,,True,50,50,1.0,656
half,25,0.08049004558795401,-0.024748533166972755,False,-0.05491922547510448,-0.02040816326530612,False,50,49,0.98,655
sqrt,7,0.0836232760324383,0.12746548217951661,False,0.1442716466903596,0.08571428571428572,False,50,26,0.52,655
log,3,0.23684842436749523,0.02624619673193284,False,0.05493207554162979,0.017400443716972247,False,50,9,0.18,655
ten_percent,5,0.10989163134304429,0.12407049551077082,False,0.08944718053157821,0.07881289388937748,False,50,23,0.46,655
original,50,0.08078528703514523,,True,,,True,50,50,1.0,655
half,25,0.07557179404792018,,True,,,True,50,50,1.0,652
sqrt,7,0.07291908935252094,0.08141613826190465,False,0.011678086148787995,0.08426777136240185,False,50,34,0.68,652
log,3,0.19943165300131632,-0.08247141894671046,False,-0.1996800526094577,-0.06689134050614641,False,50,8,0.16,652
ten_percent,5,0.1112726242464851,-0.13816889826729234,False,-0.2287972140752189,-0.09024852563942802,False,50,16,0.32,652
original,50,0.07557179404792018,,True,,,True,50,50,1.0,652
half,25,0.09372120757589095,0.2128373852359657,False,0.20917100582023823,0.17551020408163268,False,50,49,0.98,657
sqrt,7,0.10510018890490005,0.005446564503554841,False,-0.06301156285899812,0.006218367858085815,False,50,31,0.62,657
log,3,0.29591103118507933,-0.10919695868411948,False,-0.15755572991292,-0.07153019405372008,False,50,10,0.2,657
ten_percent,5,0.14023191332265642,-0.01289675134607868,False,-0.0676265991807292,-0.01714285714285714,False,50,26,0.52,657
original,50,0.08000616863960096,,True,,,True,50,50,1.0,657
half,25,0.07064594583641025,,True,,,True,49,49,1.0,658
sqrt,7,0.08795180529036042,0.009944482965651032,False,0.013370041681062811,0.0,False,50,26,0.52,658
log,3,0.2700486404138959,0.14686202125822378,False,0.08357122292964597,0.080251063769595,False,50,15,0.3,658
ten_percent,5,0.14918932689434217,0.09263593412270588,False,0.08579176830648289,0.0659828879073858,False,50,23,0.46,658
original,50,0.07071400970749693,,True,,,True,50,50,1.0,658
half,25,0.0762766240084877,,True,,,True,50,50,1.0,659
sqrt,7,0.07646379846555611,0.09952358774677483,False,0.11019358740093381,0.07876599286908698,False,50,31,0.62,659
log,3,0.22994256004264815,-0.059282693902769405,False,-0.08095669392133617,-0.03728666510779768,False,50,9,0.18,659
ten_percent,5,0.12149996971298245,-0.14652482652531976,False,-0.10587840574616607,-0.10649350649350649,False,50,17,0.34,659
original,50,0.0762766240084877,,True,,,True,50,50,1.0,659
half,25,0.07290461947944644,,True,,,True,50,50,1.0,660
sqrt,7,0.07674527731352147,0.24415777447957793,False,0.136873685340933,0.1676190476190476,False,50,26,0.52,660
log,3,0.2392418968773185,0.13608688127754243,False,0.06792371353970372,0.08687050857898193,False,50,11,0.22,660
ten_percent,5,0.10721406215651426,0.16151533034235344,False,0.08707940267101111,0.09783549783549783,False,50,17,0.34,660
original,50,0.07290461947944644,,True,,,True,50,50,1.0,660
half,25,0.08624006718608458,-0.18313914543559837,False,-0.17496622637144604,-0.1510204081632653,False,50,49,0.98,662
sqrt,7,0.08132233917222972,0.017042188976820152,False,-0.012897961544435357,0.0199123443553477,False,50,36,0.72,662
log,3,0.23060907923870805,0.1842652095907696,False,0.17251100797778376,0.11192930913061135,False,50,11,0.22,662
ten_percent,5,0.10546042033316398,-0.026156061966946725,False,-0.017089103171546546,-0.024761904761904763,False,50,26,0.52,662
original,50,0.06677083130974251,,True,,,True,50,50,1.0,662
half,25,0.08421170839775646,-0.13364207910165288,False,-0.138447338475295,-0.11020408163265306,False,50,49,0.98,663
sqrt,7,0.09158306897853775,-0.056578408442340196,False,0.049340260350007714,-0.04351689105121464,False,50,20,0.4,663
log,3,0.4089978860211459,0.007830892087950781,False,0.06197968863518862,0.010655827195914588,False,50,5,0.1,663
ten_percent,5,0.18568949380996577,0.2886354959767387,False,0.27018470605296513,0.18376453737861562,False,50,11,0.22,663
original,50,0.064834863281212,,True,,,True,50,50,1.0,663
half,25,0.06907892091720601,,True,,,True,50,50,1.0,664
sqrt,7,0.07140317957323138,0.02309740971092685,False,0.14234855059753937,0.020543525386979514,False,50,37,0.74,664
log,3,0.19209239573482886,-0.17673432861194854,False,-0.12007539688380423,-0.14032928308912465,False,50,11,0.22,664
ten_percent,5,0.10271925001897005,-0.06817327919733387,False,0.046654984944007626,-0.04893645700508538,False,50,22,0.44,664
original,50,0.06907892091720601,,True,,,True,50,50,1.0,664
half,25,0.08624399110254406,,True,,,True,50,50,1.0,665
sqrt,7,0.10182317021924478,0.11591693336553842,False,0.11318989164097323,0.08699026799387345,False,50,21,0.42,665
log,3,0.2154017102647354,0.016502151100475197,False,0.056528880674021766,0.016330685591896498,False,50,16,0.32,665
ten_percent,5,0.14339282445416693,-0.004317825907441751,False,-0.0007034868707126028,-0.004440499086858637,False,50,20,0.4,665
original,50,0.08624399110254406,,True,,,True,50,50,1.0,665
half,25,0.08140589841263221,,True,,,True,50,50,1.0,661
sqrt,7,0.09933874036541264,-0.09231979160815683,False,-0.17200511665319135,-0.07288075531495242,False,50,29,0.58,661
log,3,0.2782718714362393,0.0537065836530283,False,0.034036187208777345,0.023288900389583284,False,50,10,0.2,661
ten_percent,5,0.12156269599796193,0.07761111166353328,False,0.06819041561972436,0.05981122522843768,False,50,22,0.44,661
original,50,0.08140589841263221,,True,,,True,50,50,1.0,661
half,25,0.07902909895954097,-0.09404442603449646,False,-0.0764520975430633,-0.07755102040816327,False,50,49,0.98,666
sqrt,7,0.09806699013865337,0.06165560019049013,False,0.1239747193802541,0.045445923121283684,False,50,24,0.48,666
log,3,0.2533011364655506,0.1668862534857979,False,0.1494225304437659,0.1219528293512631,False,50,11,0.22,666
ten_percent,5,0.1381928403134435,0.10253308656552798,False,0.13277949907167905,0.07705627705627704,False,50,17,0.34,666
original,50,0.0795005621174099,,True,,,True,50,50,1.0,666
half,25,0.09668746220999908,-0.05303257107208446,False,0.03794880648497502,-0.043514835648583675,False,50,48,0.96,669
sqrt,7,0.10381290701489142,0.08341172289609336,False,-0.009671909471235375,0.059183635429928626,False,50,25,0.5,669
log,3,0.2934957786040125,0.20517400910229727,False,0.22134646102610633,0.15150833836797034,False,50,7,0.14,669
ten_percent,5,0.15240809607967734,0.112495237364188,False,0.023545362021657464,0.09220334986293895,False,50,15,0.3,669
original,50,0.08815352037987666,,True,,,True,50,50,1.0,669
half,25,0.07151104500702246,,True,,,True,50,50,1.0,671
sqrt,7,0.09689469571563819,-0.03331335886742436,False,0.01946233970927444,-0.02912210632266329,False,50,25,0.5,671
log,3,0.2598154880026573,0.17611438797922643,False,0.137012626427341,0.12677466136651208,False,50,9,0.18,671
ten_percent,5,0.12975030092125628,-0.0023113167723605617,False,0.02836210231276114,-0.01570749998866781,False,50,18,0.36,671
original,50,0.07151104500702246,,True,,,True,50,50,1.0,671
half,25,0.07016946296916614,,True,,,True,49,49,1.0,668
sqrt,7,0.07541108809701587,0.25130739003081987,False,0.2984836249840137,0.16855890746196073,False,50,22,0.44,668
log,3,0.2584933528163139,0.15887376700669073,False,0.21051192451232753,0.1019168846279803,False,50,9,0.18,668
ten_percent,5,0.13946909389524506,0.08001459066236266,False,0.11700314555487706,0.05090690322141417,False,50,14,0.28,668
original,50,0.06953535016909322,,True,,,True,50,50,1.0,668
half,25,0.06930121267403838,0.20293797196917657,False,0.20703934426953496,0.1673469387755102,False,50,49,0.98,667
sqrt,7,0.11724684002136848,-0.017614583503243676,False,-0.09476645666607979,-0.018832944617230334,False,50,21,0.42,667
log,3,0.2530180159434112,0.07569060712320863,False,0.03438426858395645,0.04491430789419633,False,50,10,0.2,667
ten_percent,5,0.17036623243322746,0.09492022132580037,False,0.041405809677782145,0.06787587096188556,False,50,14,0.28,667
original,50,0.07018745007117688,,True,,,True,50,50,1.0,667
half,25,0.06301138758486007,,True,,,True,50,50,1.0,670
sqrt,7,0.0744928795109589,0.10657722513692182,False,0.1878965028803943,0.07612337756346614,False,50,22,0.44,670
log,3,0.21697533263401902,0.005152923028104247,False,0.0510893058954,0.0008285925579510593,False,50,9,0.18,670
ten_percent,5,0.09758208559616435,0.18275177139146426,False,0.20027590219826139,0.13066105160162972,False,50,14,0.28,670
original,50,0.06263188405901317,,True,,,True,49,49,1.0,670
half,25,0.07787580357240984,,True,,,True,50,50,1.0,673
sqrt,7,0.08031873964399255,0.16354818912322722,False,0.13358982722489066,0.13011530367356708,False,50,30,0.6,673
log,3,0.25452817315257126,0.18745135154334774,False,0.11912154206314386,0.1436704564960086,False,50,11,0.22,673
ten_percent,5,0.13645493391344352,0.3245037277697187,False,0.1984466772672514,0.23460582367070507,False,50,23,0.46,673
original,50,0.07787580357240984,,True,,,True,50,50,1.0,673
half,25,0.07209264266155929,,True,,,True,50,50,1.0,672
sqrt,7,0.07229277604566506,0.15584968978932648,False,0.03189217163228952,0.12066117389471022,False,50,35,0.7,672
log,3,0.20940264763062671,0.09041884662392233,False,0.11545444794428437,0.06348229473079449,False,50,11,0.22,672
ten_percent,5,0.10381781552700386,0.16537882348606117,False,0.05601760678035656,0.12000000000000001,False,50,26,0.52,672
original,50,0.07209264266155929,,True,,,True,50,50,1.0,672
half,25,0.06572313186255827,,True,,,True,50,50,1.0,675
sqrt,7,0.09431976300325022,0.010955715881633542,False,0.11652057220400243,0.015873015873015872,False,50,32,0.64,675
log,3,0.37475957850272384,0.041367858702257454,False,0.03308603941593913,0.03894385022369979,False,50,9,0.18,675
ten_percent,5,0.15521561903310635,-0.11681512742519388,False,0.04999733864713868,-0.1013391781784299,False,50,21,0.42,675
original,50,0.06572313186255827,,True,,,True,50,50,1.0,675
half,25,0.07543171745607914,,True,,,True,50,50,1.0,674
sqrt,7,0.0936081056343995,-0.1480642054813899,False,-0.09285563809361212,-0.12012642302531613,False,50,33,0.66,674
log,3,0.2705097050526166,-0.10946349572785935,False,-0.1809565750749,-0.06711599719403581,False,50,9,0.18,674
ten_percent,5,0.1179407732839252,-0.19400438473781387,False,-0.18756200061558304,-0.14298407059684812,False,50,20,0.4,674
original,50,0.07543171745607914,,True,,,True,50,50,1.0,674
half,25,0.08104730622586472,,True,,,True,50,50,1.0,678
sqrt,7,0.08202193353378189,0.10770544380427156,False,0.2764023150622125,0.06765100914917384,False,50,27,0.54,678
log,3,0.27081169033492364,0.0008206729271792203,False,0.01634758711618645,0.005011760110325881,False,50,11,0.22,678
ten_percent,5,0.13094875093857056,0.033346062726699884,False,0.1125582747570615,0.030082841879809342,False,50,16,0.32,678
original,50,0.08104730622586472,,True,,,True,50,50,1.0,678
half,25,0.06649184420740752,0.014849119900183652,False,0.002900914783013373,0.012244897959183673,False,50,49,0.98,676
sqrt,7,0.08387563024623212,-0.22070329235130462,False,-0.2335492837286509,-0.16467718121185837,False,50,30,0.6,676
log,3,0.21924054687591776,-0.03032445342706894,False,-0.03599206480247978,-0.011644450194791642,False,50,10,0.2,676
ten_percent,5,0.11233041823973909,-0.10911128301741514,False,-0.13713063090612082,-0.0769800358919501,False,50,23,0.46,676
original,50,0.06724138949401506,,True,,,True,50,50,1.0,676
half,25,0.0691682970707373,-0.01852604482784817,False,-0.12718542653763243,-0.014504945216194559,False,50,48,0.96,677
sqrt,7,0.0857549150147459,-0.26499281800934676,False,-0.23426216111230674,-0.20714416572713493,False,50,28,0.56,677
log,3,0.29049877450435924,-0.07592565947713971,False,0.0370770664880494,-0.04577036541524985,False,50,3,0.06,677
ten_percent,5,0.11150828893162233,-0.08396983316885515,False,-0.06337733076520094,-0.05463902214100085,False,50,15,0.3,677
original,50,0.06524263668551324,,True,,,True,50,50,1.0,677
half,25,0.07315675328295546,,True,,,True,50,50,1.0,681
sqrt,7,0.1062867792082536,0.028239106928156288,False,0.10804662614758939,0.01472588855880106,False,50,28,0.56,681
log,3,0.38877933665991393,0.12977845103517702,False,0.026158252101041817,0.11857174307058548,False,50,7,0.14,681
ten_percent,5,0.17952763366474062,0.07294398752798432,False,0.0968776283452116,0.06147186147186147,False,50,17,0.34,681
original,50,0.07315675328295546,,True,,,True,50,50,1.0,681
half,25,0.07387020772125387,,True,,,True,50,50,1.0,680
sqrt,7,0.08711100205450012,0.043543380978533316,False,-0.015302516049687109,0.0328042328042328,False,50,32,0.64,680
log,3,0.32636831422918694,0.1484885795792883,False,0.14147195743833144,0.11311751617797594,False,50,10,0.2,680
ten_percent,5,0.13884878014627847,0.07609699672081191,False,0.0340729737548504,0.052911606305551896,False,50,21,0.42,680
original,50,0.07387020772125387,,True,,,True,50,50,1.0,680
half,25,0.06774538751281259,,True,,,True,50,50,1.0,686
sqrt,7,0.08466018608890574,0.0065828025320598775,False,0.06211158357881882,0.010982031622801048,False,50,29,0.58,686
log,3,0.24375553420195104,-0.1481276535262761,False,-0.15222839810473315,-0.1092780442820017,False,50,15,0.3,686
ten_percent,5,0.137977534402994,-0.15926325674690323,False,-0.162839976688762,-0.1163410760756963,False,50,20,0.4,686
original,50,0.06774538751281259,,True,,,True,50,50,1.0,686
half,25,0.0756475393376192,0.07424559950091826,False,0.046620379392302874,0.061224489795918366,False,50,49,0.98,679
sqrt,7,0.09041698337823498,-0.09258573361486784,False,-0.027814230753882844,-0.06602215175370937,False,50,35,0.7,679
log,3,0.21999731378066859,0.19590951051130664,False,0.18962001532321873,0.134054845149724,False,50,14,0.28,679
ten_percent,5,0.11933808950651305,0.12215005606905624,False,0.10198669006791682,0.10813862184821561,False,50,23,0.46,679
original,50,0.0764717045666639,,True,,,True,50,50,1.0,679
half,25,0.08865456152553582,0.0031112441695622882,False,-0.10495658260477955,0.0029009890432389117,False,50,48,0.96,682
sqrt,7,0.10816121697500874,-0.023591624650668518,False,-0.08810775248364457,-0.01932885975690681,False,50,27,0.54,682
log,3,0.25923562232607456,0.03838205283550546,False,0.01073035142187701,0.0058001479056574165,False,50,9,0.18,682
ten_percent,5,0.15191413463558245,0.027113737434812945,False,-0.023614621988612108,0.0017074694419062766,False,50,15,0.3,682
original,50,0.10710720411733982,-0.11384325256807468,False,-0.08815395953380004,-0.09387755102040816,False,50,49,0.98,682
half,25,0.09040268001465275,,True,,,True,50,50,1.0,685
sqrt,7,0.07152163867405172,0.30049963561052007,False,0.3116293721226757,0.23386243386243386,False,50,32,0.64,685
log,3,0.35623846016858335,0.3403861652670989,False,0.2575953357766612,0.24557624540596817,False,50,11,0.22,685
ten_percent,5,0.08925257230844591,0.27742411499388425,False,0.3274764240352713,0.19361291828487634,False,50,19,0.38,685
original,50,0.09040268001465275,,True,,,True,50,50,1.0,685
half,25,0.08185675201029423,,True,,,True,50,50,1.0,684
sqrt,7,0.09862397888355769,0.07182106573252302,False,0.22376566818229812,0.04638926341657634,False,50,27,0.54,684
log,3,0.4584729564326217,-0.0927069894145127,False,-0.06946229234466442,-0.07392337387406601,False,50,6,0.12,684
ten_percent,5,0.13646494572073536,-0.03022478135209226,False,0.05213971219234762,-0.032859693242753917,False,50,20,0.4,684
original,50,0.08185675201029423,,True,,,True,50,50,1.0,684
half,25,0.07841307231506901,,True,,,True,50,50,1.0,687
sqrt,7,0.08589514148845259,0.029914136580619487,False,0.001936335033952605,0.025042885147958726,False,50,35,0.7,687
log,3,0.14618439828556792,0.06306975319806378,False,-0.0291582602261319,0.03733172902903706,False,50,14,0.28,687
ten_percent,5,0.0972099787501032,-0.00725118549578721,False,-0.029338297297679453,-0.0019047619047619048,False,50,26,0.52,687
original,50,0.07841307231506901,,True,,,True,50,50,1.0,687
half,25,0.07087822310082928,,True,,,True,50,50,1.0,683
sqrt,7,0.08746974954419655,0.21868781718818683,False,0.24094745667869333,0.16167756431023117,False,50,31,0.62,683
log,3,0.3529964338784513,0.2227590667226456,False,0.17903868298060008,0.15102381289019537,False,50,14,0.28,683
ten_percent,5,0.14607088282292094,0.197552573096376,False,0.23071906994562716,0.1429629237993359,False,50,23,0.46,683
original,50,0.07087822310082928,,True,,,True,50,50,1.0,683
half,25,0.07045366202993984,0.07424559950091826,False,0.04935704346947391,0.061224489795918366,False,50,49,0.98,688
sqrt,7,0.08850134155544329,0.03474362032172038,False,0.03586147889916614,0.02454314759800177,False,50,28,0.56,688
log,3,0.25256776432011974,0.22731287425855332,False,0.14943698483499102,0.1596953169571425,False,50,10,0.2,688
ten_percent,5,0.1226030826200042,0.1410512232059313,False,0.16330804712480812,0.09897433186107871,False,50,23,0.46,688
original,50,0.07119987138829245,,True,,,True,50,50,1.0,688
half,25,0.0758422856289766,,True,,,True,50,50,1.0,691
sqrt,7,0.08894105573184995,0.05936205150844115,False,0.08499771258304356,0.037310207148514886,False,50,31,0.62,691
log,3,0.2344205526883037,0.15319110422803367,False,0.1963873141434623,0.08700221858486124,False,50,9,0.18,691
ten_percent,5,0.13958420251312964,0.17650583415938717,False,0.21839042591094837,0.1341991341991342,False,50,17,0.34,691
original,50,0.0758422856289766,,True,,,True,50,50,1.0,691
half,25,0.07271472942220523,,True,,,True,50,50,1.0,694
sqrt,7,0.07022928555150545,0.0883646595702027,False,0.02823680614108205,0.066764919309107,False,50,36,0.72,694
log,3,0.1938104804133933,0.3401591154007966,False,0.3195589799407256,0.2307779612704109,False,50,14,0.28,694
ten_percent,5,0.09995537758734221,0.21315445027384364,False,0.14263172352078363,0.15224675512693228,False,50,22,0.44,694
original,50,0.07271472942220523,,True,,,True,50,50,1.0,694
half,25,0.07322980458438674,,True,,,True,50,50,1.0,690
sqrt,7,0.08294160963780695,-0.015349409055472734,False,-0.029775408806334853,-0.006218367858085815,False,50,31,0.62,690
log,3,0.16180124942594934,0.06321541082669671,False,0.09301599369342102,0.035634832254989916,False,50,14,0.28,690
ten_percent,5,0.10242221739202778,0.1144199432661126,False,0.1314449602794877,0.07981581290159523,False,50,21,0.42,690
original,50,0.07322980458438674,,True,,,True,50,50,1.0,690
half,25,0.08312796412917164,,True,,,True,50,50,1.0,689
sqrt,7,0.07552372377233747,0.14166640012381274,False,0.31048202578717937,0.11087864652947611,False,50,34,0.68,689
log,3,0.21043782703242628,0.13912892175881464,False,0.25487566604117406,0.12014592090290363,False,50,9,0.18,689
ten_percent,5,0.10621949019261268,0.047247934067638477,False,0.2246407243474255,0.02753109433852355,False,50,20,0.4,689
original,50,0.08399696687321972,,True,,,True,49,49,1.0,689
half,25,0.08731383725516631,-0.2227367985027548,False,-0.18189296210293207,-0.1836734693877551,False,50,49,0.98,693
sqrt,7,0.09812235722344748,-0.0833323323204903,False,-0.06510917967739109,-0.06385098160805092,False,50,33,0.66,693
log,3,0.23776312427373372,0.1850389132272219,False,0.1794545702476424,0.13494303357514476,False,50,16,0.32,693
ten_percent,5,0.11988672426997601,0.05686052327112345,False,0.05817669184049185,0.0405906054895043,False,50,27,0.54,693
original,50,0.08025252154120958,,True,,,True,50,50,1.0,693
half,25,0.08027919733929696,,True,,,True,50,50,1.0,695
sqrt,7,0.09368333152504262,-0.2797469581459678,False,-0.1738536258376523,-0.20910761753497506,False,50,28,0.56,695
log,3,0.1853447698625456,-0.24253553345987472,False,-0.21293965797231534,-0.1754028007831768,False,50,12,0.24,695
ten_percent,5,0.13483530832495366,-0.18894893209901648,False,-0.19120429621686952,-0.13593073593073593,False,50,17,0.34,695
original,50,0.08027919733929696,,True,,,True,50,50,1.0,695
half,25,0.08574190608627699,0.23263621176954388,False,0.3192393917506035,0.19183673469387755,False,50,49,0.98,692
sqrt,7,0.08776218162922328,0.1944574954230414,False,0.21673094957643774,0.14434666501286347,False,50,30,0.6,692
log,3,0.20650747840730763,0.2699264819862084,False,0.3236804146206928,0.19471925111849897,False,50,9,0.18,692
ten_percent,5,0.10833028360430381,0.10272904086378988,False,0.15941192569627993,0.07012987012987014,False,50,17,0.34,692
original,50,0.08680721225788918,,True,,,True,50,50,1.0,692
half,25,0.06309332042921532,,True,,,True,50,50,1.0,697
sqrt,7,0.07646595559638338,-0.07082087766341683,False,-0.050345619814010305,-0.06031746031746032,False,50,32,0.64,697
log,3,0.31569247345140705,0.14820004187689712,False,0.14370365099549418,0.10826297273220002,False,50,12,0.24,697
ten_percent,5,0.15060815345929313,0.10518950161870726,False,0.13661210670773494,0.07853749994333907,False,50,18,0.36,697
original,50,0.06309332042921532,,True,,,True,50,50,1.0,697
half,25,0.07905921568699882,,True,,,True,49,49,1.0,696
sqrt,7,0.07710271676950681,0.25406283523619205,False,0.18669213791647915,0.1980664552611281,False,50,35,0.7,696
log,3,0.24974506757656062,0.023356707183463166,False,0.03393627348436468,0.009114518137461653,False,50,9,0.18,696
ten_percent,5,0.10828029873711056,0.18635546724173127,False,0.12847653290553881,0.12761904761904763,False,50,26,0.52,696
original,50,0.07971148122076885,,True,,,True,50,50,1.0,696
half,25,0.07780624022397116,,True,,,True,50,50,1.0,699
sqrt,7,0.1053323159524788,-0.17599613602249414,False,-0.17766181424714286,-0.12286254345526457,False,50,21,0.42,699
log,3,0.3753983445089378,0.0026413101019877824,False,0.06266006424935465,-0.011442591353812462,False,50,3,0.06,699
ten_percent,5,0.14977900228025853,-0.20206305941096683,False,-0.23029278654717428,-0.1451349025620335,False,50,15,0.3,699
original,50,0.07780624022397116,,True,,,True,50,50,1.0,699
half,25,0.07336313081857039,,True,,,True,49,49,1.0,698
sqrt,7,0.08354055618701782,-0.020976643755670144,False,0.06638201993960648,-0.01714285714285714,False,50,26,0.52,698
log,3,0.24249957933634012,-0.18345914805072752,False,-0.1109934211328532,-0.1408856363210018,False,50,13,0.26,698
ten_percent,5,0.11616178816229253,-0.12689486076132767,False,-0.0594481113035602,-0.09057749554001256,False,50,21,0.42,698
original,50,0.07624735594419463,,True,,,True,50,50,1.0,698
half,25,0.07657688010477441,-0.17323973216880925,False,-0.15664504607254476,-0.14285714285714285,False,50,49,0.98,700
sqrt,7,0.12134964180340362,-0.33219370244326585,False,-0.3353062658446859,-0.24803229762773726,False,50,30,0.6,700
log,3,0.22071221216409406,-0.11783474781533387,False,-0.10805829385556313,-0.0797285458105349,False,50,12,0.24,700
ten_percent,5,0.12657716322242568,-0.19022263503771866,False,-0.23108519131275282,-0.1341991341991342,False,50,17,0.34,700
original,50,0.07314597776664576,,True,,,True,50,50,1.0,700
half,25,0.08117507117521418,,True,,,True,50,50,1.0,704
sqrt,7,0.0918832402805198,-0.0729460150503871,False,-0.0004667474310484051,-0.05091669206935032,False,50,29,0.58,704
log,3,0.24411265150074113,0.04755497890840684,False,0.11616031525147001,0.0345834250622541,False,50,7,0.14,704
ten_percent,5,0.1243858275989273,-0.047266497395338176,False,0.032608305260150544,-0.017074694419062765,False,50,15,0.3,704
original,50,0.09895948696610755,-0.08471069352580958,False,-0.06848254818820423,-0.06672274799449497,False,50,48,0.96,704
half,25,0.06687047005321155,,True,,,True,50,50,1.0,702
sqrt,7,0.09846982972422234,-0.12078299667398683,False,-0.06890752163099861,-0.07559289460184546,False,50,28,0.56,702
log,3,0.29019313138144487,0.023300507132859683,False,0.11712717406058488,0.010655827195914588,False,50,5,0.1,702
ten_percent,5,0.1329324496690358,-0.08391375669834598,False,0.04083603619418573,-0.06336422780232316,False,50,19,0.38,702
original,50,0.0640309515978707,,True,,,True,48,48,1.0,702
half,25,0.06806575072319904,,True,,,True,50,50,1.0,703
sqrt,7,0.08873224266814997,0.2526429088611126,False,0.2607535038751899,0.18094159417105424,False,50,30,0.6,703
log,3,0.2600816525877044,0.37224192129984657,False,0.3509154951590249,0.23904572186687872,False,50,15,0.3,703
ten_percent,5,0.12125540008803869,0.248292604661677,False,0.2465474898690099,0.1777872257504562,False,50,23,0.46,703
original,50,0.06938245436709553,,True,,,True,49,49,1.0,703
half,25,0.09064859123195496,-0.10206207261596574,False,-0.0914254494346936,-0.08417937871268423,False,49,48,0.9795918367346939,701
sqrt,7,0.1111838742778152,-0.1106357586097977,False,-0.21843846885117674,-0.08116650204413252,False,50,33,0.66,701
log,3,0.2579000810418717,0.03732803664892809,False,0.015615166659705615,0.005874734954460467,False,50,12,0.24,701
ten_percent,5,0.1441043710737392,-0.03998510859105519,False,-0.08598066256819363,-0.03428571428571428,False,50,26,0.52,701
original,50,0.0712832246541377,,True,,,True,49,49,1.0,701
half,25,0.0920859196871941,-0.2128373852359657,False,-0.17238722289600025,-0.17551020408163268,False,50,49,0.98,705
sqrt,7,0.10808415402117624,-0.07895429819742003,False,0.02000840920854546,-0.056925445357185606,False,50,30,0.6,705
log,3,0.22526241318872203,0.08959695843324321,False,0.14827019952514367,0.06797907590161398,False,50,12,0.24,705
ten_percent,5,0.1516183920846081,0.08369917333101437,False,0.1384686903102184,0.057594166625115316,False,50,18,0.36,705
original,50,0.09334979201359524,,True,,,True,49,49,1.0,705
half,25,0.08485597503953882,,True,,,True,50,50,1.0,712
sqrt,7,0.09131275733063564,0.21059616230614323,False,0.19939923879558236,0.15075334318572348,False,50,29,0.58,712
log,3,0.19987767516869798,0.18249443742031188,False,0.23117081097640674,0.12123033037534563,False,50,15,0.3,712
ten_percent,5,0.12741569055175805,0.14106547462776745,False,0.1305686865875579,0.1033102981218469,False,50,22,0.44,712
original,50,0.08485597503953882,,True,,,True,50,50,1.0,712
half,25,0.08109457852553353,,True,,,True,50,50,1.0,707
sqrt,7,0.08275412045636904,0.040189590402523054,False,0.010842649548148387,0.022222222222222223,False,50,32,0.64,707
log,3,0.1399839470487766,0.20955949669096896,False,0.25478460805657455,0.14854984144584607,False,50,15,0.3,707
ten_percent,5,0.09657053833610803,0.100145397766325,False,0.11397772621712338,0.07045670884515312,False,50,25,0.5,707
original,50,0.08109457852553353,,True,,,True,50,50,1.0,707
half,25,0.08036469286834351,,True,,,True,50,50,1.0,706
sqrt,7,0.1054635715722739,-0.0377061645780935,False,-0.028836585705106353,-0.022857142857142857,False,50,26,0.52,706
log,3,0.2386593887516193,0.18707294770757485,False,0.2260245251174637,0.14593312256805396,False,50,14,0.28,706
ten_percent,5,0.13004741499515943,0.05165707238148495,False,0.036851297549930113,0.045311534263967945,False,50,22,0.44,706
original,50,0.08036469286834351,,True,,,True,50,50,1.0,706
half,25,0.07321930621619202,-0.11384325256807468,False,-0.1030005872659452,-0.09387755102040816,False,50,49,0.98,711
sqrt,7,0.09757430685137945,0.18159040248735686,False,0.14076250458195447,0.13714285714285712,False,50,26,0.52,711
log,3,0.3029399519445428,0.07361755227843286,False,0.09396242646299004,0.05489526520401773,False,50,10,0.2,711
ten_percent,5,0.1444338039617821,0.0784808472005131,False,0.09517529603796784,0.045763053412788954,False,50,19,0.38,711
original,50,0.07384061332348775,,True,,,True,50,50,1.0,711
half,25,0.07416199194177024,,True,,,True,50,50,1.0,710
sqrt,7,0.07774287867079979,0.0719048072869361,False,-0.011547062337251824,0.07318985831638149,False,50,30,0.6,710
log,3,0.30211732180649375,0.03868190326313792,False,0.02644727930314889,0.027695179071027913,False,50,12,0.24,710
ten_percent,5,0.16040019766796798,0.09673106577091967,False,-0.015163504144766452,0.06806583328422719,False,50,18,0.36,710
original,50,0.07416199194177024,,True,,,True,50,50,1.0,710
half,25,0.0928272419169057,,True,,,True,50,50,1.0,708
sqrt,7,0.09348594937308925,-0.058978504373914616,False,-0.11745409609362532,-0.038516334168683705,False,50,25,0.5,708
log,3,0.19154295417720482,0.008035429967386609,False,-0.012708720608678687,0.0090840092045384,False,50,8,0.16,708
ten_percent,5,0.11897267486051298,-0.033183280537272083,False,-0.061083981873337204,-0.015245717071091224,False,50,21,0.42,708
original,50,0.0928272419169057,,True,,,True,50,50,1.0,708
half,25,0.07289313060391373,,True,,,True,50,50,1.0,714
sqrt,7,0.10260223614300594,-0.09510276503634474,False,-0.1637731982959917,-0.07288075531495242,False,50,29,0.58,714
log,3,0.19037756977907477,-0.08441484986012314,False,-0.03217224839978584,-0.05586813491964592,False,50,16,0.32,714
ten_percent,5,0.1319610313743408,-0.10820160117660298,False,-0.09953630865117599,-0.08431146788165964,False,50,23,0.46,714
original,50,0.07289313060391373,,True,,,True,50,50,1.0,714
half,25,0.07716429535215175,,True,,,True,50,50,1.0,713
sqrt,7,0.07825831241023593,0.2854153325485799,False,0.28797960189055344,0.19867493572158262,False,50,29,0.58,713
log,3,0.3341142586821838,0.17266929146621737,False,0.15538991009501077,0.12680589189493172,False,50,7,0.14,713
ten_percent,5,0.12075391494401833,0.21701789183887568,False,0.18427070183258046,0.15009388878060356,False,50,18,0.36,713
original,50,0.07716429535215175,,True,,,True,50,50,1.0,713
half,25,0.09368791293409899,,True,,,True,48,48,1.0,709
sqrt,7,0.0926443856565311,-0.08280607942795623,False,-0.12363396972200605,-0.061852351222101795,False,50,27,0.54,709
log,3,0.21345085361875923,0.011634245614717181,False,0.013167790031113897,-0.0033411734068839205,False,50,11,0.22,709
ten_percent,5,0.13371525100045634,-0.10754999534367124,False,-0.11849150141801836,-0.07853749994333907,False,50,18,0.36,709
original,50,0.09426277632281035,,True,,,True,50,50,1.0,709
half,25,0.08643310023292279,,True,,,True,50,50,1.0,716
sqrt,7,0.10727293969123011,0.10307711019979285,False,0.12685563373438422,0.07568504987499712,False,50,19,0.38,716
log,3,0.2913537010712859,0.004483583734049938,False,0.06334923993331551,0.0033269857699404688,False,50,10,0.2,716
ten_percent,5,0.15173262397450504,0.03495721949094746,False,0.06921250491714437,0.016330685591896498,False,50,16,0.32,716
original,50,0.08643310023292279,,True,,,True,50,50,1.0,716
half,25,0.07018933779835117,,True,,,True,50,50,1.0,720
sqrt,7,0.09491605275220834,0.28258905760725017,False,0.13848065411872668,0.1961904761904762,False,50,26,0.52,720
log,3,0.2857127776665439,0.31663249354080797,False,0.255322754233887,0.23384982661143247,False,50,7,0.14,720
ten_percent,5,0.1389238089630085,0.3509846530738858,False,0.2531894011282642,0.2424512501424816,False,50,20,0.4,720
original,50,0.07018933779835117,,True,,,True,50,50,1.0,720
half,25,0.07135158952917978,,True,,,True,50,50,1.0,717
sqrt,7,0.06417121571293982,0.21742436826299022,False,0.2962838011111766,0.1698405842073775,False,50,36,0.72,717
log,3,0.22579851562608405,0.23771324992896092,False,0.2604386957775991,0.17647726450090245,False,50,14,0.28,717
ten_percent,5,0.09071133679832073,0.20976141435575504,False,0.2639822267350152,0.14561244755186814,False,50,24,0.48,717
original,50,0.07135158952917978,,True,,,True,50,50,1.0,717
half,25,0.0730955532444373,,True,,,True,50,50,1.0,715
sqrt,7,0.1076363080842758,-0.047556145122458385,False,0.06724315993622404,-0.029325727958838133,False,50,23,0.46,715
log,3,0.2991295667039776,-0.0980129990632726,False,-0.1069383060735406,-0.0768011687292792,False,50,8,0.16,715
ten_percent,5,0.1538594942587388,-0.04755411316750347,False,-0.026432366570182983,-0.04363194441296615,False,50,18,0.36,715
original,50,0.0730955532444373,,True,,,True,50,50,1.0,715
half,25,0.08312948080379452,,True,,,True,50,50,1.0,719
sqrt,7,0.09087541301276536,0.02331813780945044,False,0.12306194019169929,0.012057081644422202,False,50,24,0.48,719
log,3,0.2942763008353159,0.22777344296170193,False,0.24811486466911506,0.1580956574274473,False,50,7,0.14,719
ten_percent,5,0.14479840818249626,0.12068753818099028,False,0.1808766983926524,0.07301456300543722,False,50,12,0.24,719
original,50,0.08312948080379452,,True,,,True,50,50,1.0,719
half,25,0.07148319417304061,,True,,,True,50,50,1.0,718
sqrt,7,0.07937013483692552,0.05041865165935437,False,0.0887332863557543,0.04126984126984127,False,50,32,0.64,718
log,3,0.2679925912820613,0.17379913291666696,False,0.09259682495721107,0.1114540232930057,False,50,10,0.2,718
ten_percent,5,0.13758619793327218,0.07290341784203686,False,0.0640636473511088,0.05470522007862145,False,50,21,0.42,718
original,50,0.07148319417304061,,True,,,True,50,50,1.0,718
half,25,0.08343671741712383,,True,,,True,50,50,1.0,721
sqrt,7,0.10874836921482833,-0.06030529542594493,False,-0.05203335466900691,-0.05456364060755606,False,50,19,0.38,721
log,3,0.2508841955774405,0.07459698850965865,False,0.038597062186822566,0.05220133115091674,False,50,9,0.18,721
ten_percent,5,0.174437456211283,0.0745846866171703,False,0.088619803883489,0.07016464154456233,False,50,11,0.22,721
original,50,0.08343671741712383,,True,,,True,50,50,1.0,721
half,25,0.07454519292900665,,True,,,True,50,50,1.0,724
sqrt,7,0.08409963710173624,0.21121359304873008,False,0.11757890630849423,0.15044581987256195,False,50,30,0.6,724
log,3,0.2153281484056115,0.10734228155520771,False,0.09038473023786756,0.07637155440798607,False,50,12,0.24,724
ten_percent,5,0.14073673406608367,0.10953291094341033,False,0.01602446003017946,0.07170825800769552,False,50,13,0.26,724
original,50,0.07454519292900665,,True,,,True,50,50,1.0,724
half,25,0.06483582951562238,,True,,,True,50,50,1.0,722
sqrt,7,0.07887298077410347,-0.04091624502732527,False,0.05905924468105738,-0.03068783068783069,False,50,32,0.64,722
log,3,0.25455438549731463,0.2459703678615353,False,0.18999488182963123,0.1730032600369044,False,50,10,0.2,722
ten_percent,5,0.11218566726488649,0.08438034193763472,False,0.04512287815987566,0.06367328894396923,False,50,21,0.42,722
original,50,0.06483582951562238,,True,,,True,50,50,1.0,722
half,25,0.0747147495937043,,True,,,True,50,50,1.0,726
sqrt,7,0.07978839830512797,-0.0005961315694446381,False,-0.08104295363722017,0.0025974025974025974,False,50,39,0.78,726
log,3,0.2874450193782415,0.1938065226976425,False,0.11387335496954647,0.14638737387738063,False,50,10,0.2,726
ten_percent,5,0.1437809111706795,0.07334427822074384,False,0.056801608704331936,0.06160411036336975,False,50,19,0.38,726
original,50,0.0747147495937043,,True,,,True,50,50,1.0,726
half,25,0.05893746196200352,,True,,,True,49,49,1.0,725
sqrt,7,0.07265335780487896,0.02049775049356097,False,-0.06501387662291501,0.008132206479597942,False,50,30,0.6,725
log,3,0.22634305382035438,0.06233627707662979,False,-0.009995841253350317,0.03826033635431539,False,50,10,0.2,725
ten_percent,5,0.11976624277719355,0.12943373925219143,False,0.06225522370136617,0.08900916660245094,False,50,18,0.36,725
original,50,0.07584251043021294,0.09404442603449646,False,0.060877139088535454,0.07755102040816327,False,50,49,0.98,725
half,25,0.07161071749112943,,True,,,True,50,50,1.0,723
sqrt,7,0.08845890082923306,0.09167027574428067,False,-0.07753265694526164,0.07301587301587302,False,50,32,0.64,723
log,3,0.20831895708552192,0.17528608226986755,False,0.14342440990036434,0.12696458946158898,False,50,11,0.22,723
ten_percent,5,0.1205702223072033,0.04974942539363614,False,-0.002485160097653852,0.025374459187822048,False,50,22,0.44,723
original,50,0.07161071749112943,,True,,,True,50,50,1.0,723
half,25,0.07159297914717647,,True,,,True,50,50,1.0,727
sqrt,7,0.08871701855044437,0.22605356304358068,False,0.2635093236671514,0.16230686829029886,False,50,24,0.48,727
log,3,0.2696338584100176,0.21334827241314577,False,0.2994056093834419,0.15974248719231654,False,50,7,0.14,727
ten_percent,5,0.14255302179809648,0.2285368193250856,False,0.29423902770941224,0.16290209030852534,False,50,14,0.28,727
original,50,0.07159297914717647,,True,,,True,50,50,1.0,727
half,25,0.07957448909911079,-0.24253562503633297,False,-0.23119703340760264,-0.19999999999999998,False,50,49,0.98,730
sqrt,7,0.10110134976428288,-0.2223680629489842,False,-0.22854511670775737,-0.16816107988508924,False,50,27,0.54,730
log,3,0.22821646246202465,-0.17455208847490983,False,-0.08690468748215148,-0.10490598132965119,False,50,12,0.24,730
ten_percent,5,0.13496600016883703,-0.03815609943406597,False,-0.00417123870859196,-0.029325727958838133,False,50,23,0.46,730
original,50,0.07911723768302291,,True,,,True,50,50,1.0,730
half,25,0.07835542250524073,,True,,,True,50,50,1.0,728
sqrt,7,0.09165027295824447,0.12496621066959199,False,0.03563318536192254,0.08685788647124466,False,50,29,0.58,728
log,3,0.2557647437246163,0.12737234650924664,False,0.15926485155289177,0.0865016300184522,False,50,10,0.2,728
ten_percent,5,0.1482856824835924,-0.04247309414826219,False,-0.10934390308142189,-0.03376623376623377,False,50,17,0.34,728
original,50,0.07835542250524073,,True,,,True,50,50,1.0,728
half,25,0.07308917870293814,-0.10394383930128556,False,-0.09598430763125276,-0.08571428571428572,False,50,49,0.98,729
sqrt,7,0.08041147182069285,0.04234749008570893,False,-0.0054802331210450994,0.031000951891867374,False,50,25,0.5,729
log,3,0.20113650454947563,0.018489278300567135,False,0.033289923782559745,0.016705867034419602,False,50,11,0.22,729
ten_percent,5,0.1093799907443951,-0.01722167344692285,False,-0.0632795673478643,-0.007992898356345547,False,50,20,0.4,729
original,50,0.07132658175094654,,True,,,True,50,50,1.0,729
half,25,0.06673381676756451,,True,,,True,50,50,1.0,732
sqrt,7,0.08494418513505636,-0.010514218968891455,False,0.026212007235116387,-0.009523809523809523,False,50,26,0.52,732
log,3,0.2621915759157715,-0.2582722074740474,False,-0.2584903265029934,-0.1781473999594778,False,50,9,0.18,732
ten_percent,5,0.13403823404017395,-0.04657057411543514,False,-0.039289082362659586,-0.026179166647779688,False,50,18,0.36,732
original,50,0.06673381676756451,,True,,,True,50,50,1.0,732
half,25,0.09674571526288735,,True,,,True,49,49,1.0,731
sqrt,7,0.1129977808405849,0.06334428472391257,False,0.03640366608746185,0.07047619047619048,False,50,26,0.52,731
log,3,0.21934990406101915,0.27157018466562693,False,0.2571418937162414,0.18963818888660672,False,50,10,0.2,731
ten_percent,5,0.13503949406686855,0.10999090922044075,False,0.05275825172141154,0.08881060715737717,False,50,22,0.44,731
original,50,0.09852672773466936,,True,,,True,50,50,1.0,731
half,25,0.06678377394053331,,True,,,True,50,50,1.0,734
sqrt,7,0.09778980244818487,-0.08772303809101115,False,-0.01611814283350167,-0.060285408222111016,False,50,24,0.48,734
log,3,0.2981030189320404,0.0086609424798179,False,0.02563067249143466,0.0090840092045384,False,50,8,0.16,734
ten_percent,5,0.15611054249091594,-0.03762822089247828,False,-0.006414036997369188,-0.027319511070500426,False,50,15,0.3,734
original,50,0.08306897036177424,0.10394383930128556,False,0.08125134213017249,0.08571428571428572,False,50,49,0.98,734
half,25,0.09552833581674869,-0.2449489742783178,False,-0.17175171950281315,-0.20203050891044214,False,49,48,0.9795918367346939,735
sqrt,7,0.08506378053346406,0.05400994574493842,False,0.06505576841003331,0.04066103239798971,False,50,30,0.6,735
log,3,0.28612219925597615,0.1489106490057441,False,0.19496345125705114,0.1052075999909226,False,50,14,0.28,735
ten_percent,5,0.13793326707455933,0.16262302446762364,False,0.09193979656073616,0.11210086081684724,False,50,21,0.42,735
original,50,0.07627718768679584,,True,,,True,50,50,1.0,735
half,25,0.07135409186891759,-0.0408248290463863,False,-0.0322405686061585,-0.03367175148507369,False,49,48,0.9795918367346939,733
sqrt,7,0.10041963754443765,0.01626337318340846,False,-0.028401880292077,0.011428571428571429,False,50,26,0.52,733
log,3,0.33459737961595876,-0.03247853429931714,False,0.05996425167979907,-0.023948751539237603,False,50,8,0.16,733
ten_percent,5,0.16029677349224514,-0.05692753900341444,False,-0.04238369389012412,-0.04039695909574397,False,50,16,0.32,733
original,50,0.06761944082750367,,True,,,True,50,50,1.0,733
half,25,0.08299966078309948,-0.024748533166972755,False,-0.058290095039008644,-0.02040816326530612,False,50,49,0.98,737
sqrt,7,0.06434119584801581,0.277997839620777,False,0.21897575682415152,0.21288700133659416,False,50,34,0.68,737
log,3,0.21747752424376826,-0.11125882426060042,False,-0.0563726307625064,-0.06797907590161398,False,50,12,0.24,737
ten_percent,5,0.13177009369587483,-0.09863200242883868,False,-0.08416961225712757,-0.05984399292441633,False,50,19,0.38,737
original,50,0.06478284563444058,,True,,,True,50,50,1.0,737
half,25,0.08168757413342019,0.22004981490176914,False,0.22429886593335616,0.18276230972405144,False,50,48,0.96,736
sqrt,7,0.08967592907859895,-0.01794218903587428,False,-0.10009674453409324,-0.013530201829834769,False,50,27,0.54,736
log,3,0.15266085892256823,0.21386257266607375,False,0.20281847182078,0.14518987816023726,False,50,12,0.24,736
ten_percent,5,0.1019774197411725,-0.019355771309221646,False,-0.009286580420801445,-0.004440499086858637,False,50,20,0.4,736
original,50,0.09958924658499792,-0.024748533166972755,False,-0.08105832497100392,-0.02040816326530612,False,50,49,0.98,736
half,25,0.0778051156985471,,True,,,True,50,50,1.0,739
sqrt,7,0.08381937151967266,0.11626473996835597,False,0.10711555139916398,0.08571428571428573,False,50,32,0.64,739
log,3,0.22095401273868126,0.23610466704237804,False,0.2619415594649697,0.16365333087425585,False,50,12,0.24,739
ten_percent,5,0.12330782940411607,0.16045776914325754,False,0.10242863670909647,0.11547005383792515,False,50,23,0.46,739
original,50,0.07887102437898853,,True,,,True,48,48,1.0,739
half,25,0.07538597945279213,,True,,,True,50,50,1.0,741
sqrt,7,0.07649276704963938,0.10132367394311513,False,0.014844005163473275,0.06765100914917384,False,50,27,0.54,741
log,3,0.1715476432582995,0.12843297922052727,False,0.15243908246709745,0.0964825873282736,False,50,10,0.2,741
ten_percent,5,0.10244623360356614,0.1079173386614985,False,0.0746246350639944,0.08976598938662449,False,50,19,0.38,741
original,50,0.07538597945279213,,True,,,True,50,50,1.0,741
half,25,0.07550892527088111,-0.18313914543559837,False,-0.15548803686338342,-0.1510204081632653,False,50,49,0.98,738
sqrt,7,0.0852399664986984,0.1135641177751693,False,0.15608590011133186,0.0811812109790086,False,50,27,0.54,738
log,3,0.19945519657830768,-0.0315779284494915,False,0.049801554522955184,-0.009980957309821407,False,50,10,0.2,738
ten_percent,5,0.1441666444028641,-0.03975377645817061,False,0.0984263393384073,-0.011545297625832457,False,50,20,0.4,738
original,50,0.071814055466629,,True,,,True,50,50,1.0,738
half,25,0.0793629988887728,,True,,,True,50,50,1.0,742
sqrt,7,0.09737274870190231,-0.045372947086812915,False,-0.06611765894626859,-0.02650659940584191,False,50,28,0.56,742
log,3,0.235387619100442,-0.25155226269159997,False,-0.27141728223166905,-0.169292898811852,False,50,8,0.16,742
ten_percent,5,0.13403373292301357,-0.13853147548382344,False,-0.1642286856067655,-0.0907544443789696,False,50,18,0.36,742
original,50,0.0793629988887728,,True,,,True,50,50,1.0,742
half,25,0.06361082237460867,,True,,,True,50,50,1.0,740
sqrt,7,0.10891237052425345,-0.21347866429952223,False,-0.200682842161288,-0.15908634400649976,False,50,33,0.66,740
log,3,0.3280329526843006,-0.26888758005788743,False,-0.2629675557333457,-0.19050926209464655,False,50,12,0.24,740
ten_percent,5,0.17657533386539914,-0.3717026416874281,False,-0.3292651277949922,-0.2717324866200377,False,50,21,0.42,740
original,50,0.06361082237460867,,True,,,True,50,50,1.0,740
half,25,0.07480897413291379,,True,,,True,50,50,1.0,745
sqrt,7,0.08402923027778561,0.19293498478110455,False,0.23901992823727772,0.14675987714106856,False,50,29,0.58,745
log,3,0.15425782835556345,0.1048249400728404,False,0.18088780290988724,0.07126966450997983,False,50,14,0.28,745
ten_percent,5,0.10391597978754903,0.16617991661582146,False,0.17089920939376071,0.1289180268134374,False,50,24,0.48,745
original,50,0.07480897413291379,,True,,,True,50,50,1.0,745
half,25,0.07212799614454496,,True,,,True,50,50,1.0,747
sqrt,7,0.10416968601334635,0.05100333994352084,False,0.05217128669109739,0.03494282789073061,False,50,29,0.58,747
log,3,0.28595761114397,-0.26229768447457974,False,-0.14107274723640847,-0.17785761460587823,False,50,7,0.14,747
ten_percent,5,0.125449561917222,-0.05210654109285168,False,-0.01468793118271416,-0.033442231340115,False,50,19,0.38,747
original,50,0.07212799614454496,,True,,,True,50,50,1.0,747
half,25,0.09507073047876817,,True,,,True,50,50,1.0,744
sqrt,7,0.09809423354966343,-0.07314320161304526,False,-0.04296675407615882,-0.05981122522843768,False,50,22,0.44,744
log,3,0.27352178256302073,-0.04539995719701526,False,-0.023215585690890557,-0.03196748158774376,False,50,5,0.1,744
ten_percent,5,0.11983802900398537,-0.02128922122859036,False,-0.04039908173704325,-0.015035280330977641,False,50,11,0.22,744
original,50,0.09507073047876817,,True,,,True,50,50,1.0,744
half,25,0.09921996423482654,-0.13364207910165288,False,-0.12444078981740299,-0.11020408163265306,False,50,49,0.98,748
sqrt,7,0.07691378011670169,0.20774307444664566,False,0.06867812297666864,0.1585780263521599,False,50,30,0.6,748
log,3,0.22824479183787466,0.08476172052535094,False,0.054280618107818146,0.0528726145901442,False,50,12,0.24,748
ten_percent,5,0.09916470833098044,0.20210089860401212,False,0.072383613053492,0.14476190476190476,False,50,26,0.52,748
original,50,0.0803401794955553,,True,,,True,50,50,1.0,748
half,25,0.08812332492590799,-0.08414501276770736,False,-0.09144117441771356,-0.06938775510204082,False,50,49,0.98,743
sqrt,7,0.10530544897006179,-0.03485326759781377,False,-0.01046311580826002,-0.015970187338234708,False,50,25,0.5,743
log,3,0.33557547529360426,0.02229722768235762,False,0.005863443430830191,0.024029184180580723,False,50,9,0.18,743
ten_percent,5,0.18012080682554626,-0.015235446689861062,False,0.009050348367324218,-0.004329004329004329,False,50,17,0.34,743
original,50,0.07390357704069883,,True,,,True,50,50,1.0,743
half,25,0.0832329954902054,-0.2128373852359657,False,-0.17315610160256836,-0.17551020408163268,False,50,49,0.98,754
sqrt,7,0.08324361978888688,0.038013024063455664,False,0.013212424066264897,0.030495774298492286,False,50,30,0.6,754
log,3,0.20071743340773257,0.17316198763481544,False,0.1972525760660083,0.11527048253749526,False,50,11,0.22,754
ten_percent,5,0.10350290377770607,0.14242090801387056,False,0.15730515828161887,0.1033102981218469,False,50,22,0.44,754
original,50,0.0635207842484159,,True,,,True,50,50,1.0,754
half,25,0.05354810412554149,-0.09404442603449646,False,-0.09799157036027738,-0.07755102040816327,False,50,49,0.98,752
sqrt,7,0.09605994469398275,-0.09006890431545278,False,-0.1775784536810108,-0.07622858535545611,False,50,21,0.42,752
log,3,0.35617360507563023,0.1434829470823166,False,0.11240978887693472,0.0916659110639784,False,50,8,0.16,752
ten_percent,5,0.1567958527300892,-0.07519746195799593,False,-0.17031207503610554,-0.059740259740259746,False,50,17,0.34,752
original,50,0.05372661642771262,,True,,,True,50,50,1.0,752
half,25,0.0718172403952483,,True,,,True,50,50,1.0,750
sqrt,7,0.07394416390450063,0.25961930961806884,False,0.35046143549024183,0.20266840176623752,False,50,29,0.58,750
log,3,0.2261401790404802,0.20361204099741426,False,0.19846515037179885,0.14594739570978033,False,50,13,0.26,750
ten_percent,5,0.11223963227821822,0.2528161514081412,False,0.3362133180508714,0.19804625927389521,False,50,20,0.4,750
original,50,0.0718172403952483,,True,,,True,50,50,1.0,750
half,25,0.07468015904252816,,True,,,True,50,50,1.0,749
sqrt,7,0.08042965261912023,0.28679738138415545,False,0.30736217453484854,0.20520613931683188,False,50,31,0.62,749
log,3,0.18128418938473895,0.3125624920447646,False,0.34644616864272754,0.19977392470303437,False,50,15,0.3,749
ten_percent,5,0.09688921228949321,0.3009465340429291,False,0.2583031762179878,0.22166480869360816,False,50,24,0.48,749
original,50,0.07468015904252816,,True,,,True,50,50,1.0,749
half,25,0.09042705151331568,,True,,,True,50,50,1.0,751
sqrt,7,0.08983159324470241,-0.11643773669627551,False,0.017054742498100003,-0.09631758242570392,False,50,33,0.66,751
log,3,0.21582450635527128,0.12300046921066733,False,0.09048054777772972,0.08520628304443821,False,50,13,0.26,751
ten_percent,5,0.135198337363684,0.07073354225997308,False,0.06375181432385875,0.03987415015229179,False,50,22,0.44,751
original,50,0.09208643573113585,,True,,,True,49,49,1.0,751
half,25,0.08947228020023786,,True,,,True,50,50,1.0,746
sqrt,7,0.07196068307955028,0.06713284420907005,False,0.14910346770407634,0.0426940840178892,False,50,30,0.6,746
log,3,0.2120710650473763,-0.07650499190505813,False,-0.03945560476822859,-0.045420046022692,False,50,8,0.16,746
ten_percent,5,0.0962539024211884,-0.03235050655527758,False,0.015488480637009552,-0.022881526706394477,False,50,19,0.38,746
original,50,0.08947228020023786,,True,,,True,50,50,1.0,746
half,25,0.06560387278815757,,True,,,True,50,50,1.0,753
sqrt,7,0.08578339115701245,-0.087533934033868,False,0.0381517565978852,-0.07513227513227513,False,50,32,0.64,753
log,3,0.2692019775814615,0.1312291927320853,False,0.16082577425881198,0.08982861578839266,False,50,10,0.2,753
ten_percent,5,0.14794298796969318,0.1459369636305341,False,0.12299651828005814,0.10476190476190476,False,50,17,0.34,753
original,50,0.06560387278815757,,True,,,True,50,50,1.0,753
half,25,0.07272116791319083,,True,,,True,50,50,1.0,756
sqrt,7,0.07430922536663748,0.09817151857246341,False,0.04422308450717265,0.0630556867506566,False,49,25,0.5102040816326531,756
log,3,0.18065409656845638,0.23417057187922116,False,0.13024031440900366,0.1351189039525907,False,50,12,0.24,756
ten_percent,5,0.10529813580619014,0.21465739811391174,False,0.13788385741531253,0.1518391665571222,False,50,18,0.36,756
original,50,0.07758663768866246,-0.13268069440075547,False,-0.1129212143447341,-0.10943319232648949,False,49,48,0.9795918367346939,756
half,25,0.07705476755698218,,True,,,True,50,50,1.0,755
sqrt,7,0.09569441524861734,0.09546180871772832,False,0.01902782900357412,0.06770515077252467,False,50,24,0.48,755
log,3,0.22751577969874773,0.20019346754980702,False,0.23899757741917466,0.14003214229372904,False,50,9,0.18,755
ten_percent,5,0.13412317037238008,0.11395558228886372,False,0.08825812093275795,0.07854359432768872,False,50,15,0.3,755
original,50,0.07705476755698218,,True,,,True,50,50,1.0,755
half,25,0.07667294367916083,-0.2128373852359657,False,-0.15229567634113544,-0.17551020408163268,False,50,49,0.98,757
sqrt,7,0.10392644295508521,-0.29815278785451693,False,-0.22113935387071243,-0.21864226594485725,False,50,29,0.58,757
log,3,0.26081777385581273,-0.18386847987765012,False,-0.018051275056037982,-0.12387346450544115,False,50,14,0.28,757
ten_percent,5,0.13715597505508562,-0.246055272675622,False,-0.14691863439920516,-0.18025818419349035,False,50,21,0.42,757
original,50,0.07762266693853993,,True,,,True,49,49,1.0,757
half,25,0.07241878873526558,,True,,,True,50,50,1.0,758
sqrt,7,0.07843461246162066,0.23711936705428027,False,0.1890402231421674,0.15656376403094519,False,50,27,0.54,758
log,3,0.4140063642622172,0.21987271984001847,False,0.1698484802834449,0.14784674774813203,False,50,6,0.12,758
ten_percent,5,0.12396864654722758,0.2646691157268522,False,0.2121617462551788,0.17619950243888327,False,50,16,0.32,758
original,50,0.07241878873526558,,True,,,True,50,50,1.0,758
half,25,0.08646595363517932,,True,,,True,50,50,1.0,760
sqrt,7,0.07955025992190567,0.23627777107678333,False,0.2237093196722801,0.1718020331860124,False,50,28,0.56,760
log,3,0.18110190976085527,0.18218777345134107,False,0.1662829848587163,0.11478100906294618,False,50,10,0.2,760
ten_percent,5,0.10453708376539664,0.2996843491652183,False,0.2859872083888143,0.22165027761786804,False,50,18,0.36,760
original,50,0.08646595363517932,,True,,,True,50,50,1.0,760
half,25,0.06781769007935944,,True,,,True,50,50,1.0,763
sqrt,7,0.0847083014800181,0.03248425478506685,False,-0.0011436874888138009,0.02126174573259749,False,50,27,0.54,763
log,3,0.32667897606116114,0.07140465911138759,False,0.039365565096400504,0.060284788357391206,False,50,8,0.16,763
ten_percent,5,0.13643532363631508,0.027784978220930154,False,-0.06193953169264581,0.00872638888259323,False,50,18,0.36,763
original,50,0.06781769007935944,,True,,,True,50,50,1.0,763
half,25,0.0632433058871569,,True,,,True,50,50,1.0,766
sqrt,7,0.07858848326179485,0.3106742399148908,False,0.24146952728011464,0.22386124289108933,False,50,31,0.62,766
log,3,0.2367313980467354,0.39424445149829446,False,0.38957998319364023,0.28002498847262935,False,50,15,0.3,766
ten_percent,5,0.11570567740729733,0.5021545703375757,False,0.4526373480328143,0.3811892735275019,False,50,24,0.48,766
original,50,0.0632433058871569,,True,,,True,50,50,1.0,766
half,25,0.07246624287745854,,True,,,True,50,50,1.0,759
sqrt,7,0.10749042856449258,0.0501852293535961,False,0.06469102067166849,0.03632385844504262,False,50,28,0.56,759
log,3,0.25391547538457915,0.11793552712346088,False,0.11186881502289339,0.0801881617652141,False,50,11,0.22,759
ten_percent,5,0.13495782625097988,0.16402447674820894,False,0.1627362468800374,0.1161677509709258,False,50,19,0.38,759
original,50,0.07246624287745854,,True,,,True,50,50,1.0,759
half,25,0.07631535661607958,,True,,,True,50,50,1.0,761
sqrt,7,0.0840972415729324,-0.03477148153034384,False,-0.15814131817928018,-0.03414938883812553,False,50,35,0.7,761
log,3,0.2109473425966246,0.07400538808033792,False,0.06489638521630424,0.060141121323910564,False,50,11,0.22,761
ten_percent,5,0.11930863446806345,-0.01083069140373889,False,-0.07374445628504078,-0.014091341769030624,False,50,25,0.5,761
original,50,0.07631535661607958,,True,,,True,50,50,1.0,761
half,25,0.06109146692135425,,True,,,True,50,50,1.0,762
sqrt,7,0.084752416414052,-0.09448123138862415,False,-0.1340922649986705,-0.06817986171707133,False,50,33,0.66,762
log,3,0.2202090045787766,0.02664216087248624,False,0.018705867445731147,0.03440916187612559,False,50,12,0.24,762
ten_percent,5,0.12412393426390561,-0.087004843267002,False,-0.08085827164315183,-0.059183635429928626,False,50,25,0.5,762
original,50,0.06109146692135425,,True,,,True,50,50,1.0,762
half,25,0.07003731413949495,,True,,,True,50,50,1.0,768
sqrt,7,0.09844518548476772,-0.010543187795250375,False,-0.06715021976581383,-0.020965696734438363,False,50,29,0.58,768
log,3,0.15754812295770584,0.04210661199481722,False,-0.016438488910614318,0.011952286093343936,False,50,15,0.3,768
ten_percent,5,0.11606357946410807,0.05139702400588754,False,-0.017918064189665323,0.02566001196398337,False,50,23,0.46,768
original,50,0.07003731413949495,,True,,,True,50,50,1.0,768
half,25,0.0681785249131581,,True,,,True,50,50,1.0,764
sqrt,7,0.06477586438042407,0.27276107138257055,False,0.23526967620373057,0.20533821360984805,False,50,30,0.6,764
log,3,0.14459869308685877,0.2895641769085785,False,0.2445090957723584,0.20067402151843922,False,50,8,0.16,764
ten_percent,5,0.0818559193833778,0.28859235252931625,False,0.2373914250524496,0.19682773687075256,False,50,16,0.32,764
original,50,0.0681785249131581,,True,,,True,50,50,1.0,764
half,25,0.07203445639622663,,True,,,True,50,50,1.0,765
sqrt,7,0.08940791307321795,0.1119242249172218,False,0.09696736796848904,0.08335511641587892,False,50,30,0.6,765
log,3,0.21114295361469235,0.016632649335991706,False,0.03943477492962094,0.01829842173467258,False,50,10,0.2,765
ten_percent,5,0.10020252071240683,0.22472546791834772,False,0.17420343983589115,0.1589698673095392,False,50,20,0.4,765
original,50,0.07203445639622663,,True,,,True,50,50,1.0,765
half,25,0.08098015872704942,0.19303855870238745,False,0.19573555470679338,0.15918367346938775,False,50,49,0.98,769
sqrt,7,0.09097586935754569,0.2670404519770793,False,0.16955490261473002,0.19715436952044946,False,50,27,0.54,769
log,3,0.24568936748506115,0.21998861936210035,False,0.24626973683251738,0.17207043045452192,False,50,11,0.22,769
ten_percent,5,0.13612182041107762,0.2727845560911497,False,0.21195074548324272,0.1902352776405324,False,50,18,0.36,769
original,50,0.0815302557799611,,True,,,True,50,50,1.0,769
half,25,0.09157508053560566,0.23108058968476272,False,0.161859154903752,0.18856428781052928,False,50,48,0.96,767
sqrt,7,0.07674059764840586,0.20722162910822264,False,0.33175797275381275,0.16557966417003034,False,50,33,0.66,767
log,3,0.22844344204212524,0.22436886343866994,False,0.2594404029140079,0.14666088275733752,False,50,9,0.18,767
ten_percent,5,0.10019302123669256,0.3176113994281756,False,0.3974984577825676,0.23765382493171613,False,50,21,0.42,767
original,50,0.0797035006464171,,True,,,True,50,50,1.0,767
half,25,0.1021685835651939,-0.17323973216880925,False,-0.13687399874551603,-0.14285714285714285,False,50,49,0.98,770
sqrt,7,0.09569236038598648,0.21483548212925857,False,0.20219608538459732,0.1623624219580172,False,50,27,0.54,770
log,3,0.24250520288574787,0.12932839834783122,False,0.17141344256296373,0.08519992187553997,False,50,11,0.22,770
ten_percent,5,0.12928806959201838,0.24930285596367507,False,0.24740102991813803,0.17402597402597403,False,50,17,0.34,770
original,50,0.08350719371239988,,True,,,True,50,50,1.0,770
half,25,0.0924250973484482,0.19303855870238745,False,0.23683018118798485,0.15918367346938775,False,50,49,0.98,771
sqrt,7,0.08232076442469541,0.38356866461197686,False,0.4021423800585296,0.2805409896370086,False,50,29,0.58,771
log,3,0.27090340171537286,-0.02428237042340289,False,0.10834355464629737,-0.013174638118953941,False,50,7,0.14,771
ten_percent,5,0.11448345785051661,0.21514916763994588,False,0.3069568456656113,0.15009388878060356,False,50,18,0.36,771
original,50,0.07990711596293963,,True,,,True,50,50,1.0,771
half,25,0.06155646333183884,,True,,,True,50,50,1.0,772
sqrt,7,0.07343772063469854,-0.08657236983781906,False,-0.09505362629910702,-0.054120807319339076,False,50,27,0.54,772
log,3,0.19194661960833095,0.0012111113549691547,False,0.02059776068026834,0.0042181328239820895,False,50,13,0.26,772
ten_percent,5,0.12106881911449706,-0.051810200574788065,False,0.04353391044860633,-0.0246416441453479,False,50,19,0.38,772
original,50,0.06155646333183884,,True,,,True,50,50,1.0,772
half,25,0.0838819525023717,,True,,,True,50,50,1.0,773
sqrt,7,0.11751423555809383,0.041072786415423265,False,0.05795954103094849,0.0419047619047619,False,50,26,0.52,773
log,3,0.28813110875136333,-0.11047513296478835,False,-0.13116113843635543,-0.06689134050614641,False,50,8,0.16,773
ten_percent,5,0.19116172237824924,-0.10948946415382467,False,-0.11235831926631899,-0.06666666666666667,False,50,17,0.34,773
original,50,0.0838819525023717,,True,,,True,50,50,1.0,773
half,25,0.08157418694674336,,True,,,True,50,50,1.0,774
sqrt,7,0.08602517488934297,0.07647825055539484,False,0.08542885812206315,0.05890362415866017,False,50,29,0.58,774
log,3,0.18536266723103295,-0.053258639669499744,False,-0.06803457231911916,-0.03839611108341021,False,50,18,0.36,774
ten_percent,5,0.1175160336973591,0.034773554855577836,False,0.02163378308759558,0.028751502382852942,False,50,24,0.48,774
original,50,0.08157418694674336,,True,,,True,50,50,1.0,774
half,25,0.07887094981895743,,True,,,True,50,50,1.0,776
sqrt,7,0.0789763753812699,0.18597755121063475,False,0.06706530823810297,0.1327827459847763,False,50,29,0.58,776
log,3,0.15624501261549387,0.013873276784419547,False,-0.09403154119354813,0.022197102744781597,False,50,15,0.3,776
ten_percent,5,0.11675144199194261,0.024598605895945216,False,-0.06281757106738918,0.019937075076145894,False,50,22,0.44,776
original,50,0.07887094981895743,,True,,,True,50,50,1.0,776
half,25,0.07642230600216665,,True,,,True,50,50,1.0,777
sqrt,7,0.09798068808823061,-0.14203845759328398,False,0.014450931550414894,-0.1136174942628663,False,50,36,0.72,777
log,3,0.2706298828134994,-0.002836950207882714,False,-0.045357222316900744,0.0016468297648692426,False,50,7,0.14,777
ten_percent,5,0.132716160946273,-0.22052673552567084,False,-0.14746057527241827,-0.16017068694476133,False,50,19,0.38,777
original,50,0.07642230600216665,,True,,,True,50,50,1.0,777
half,25,0.0831856678369254,,True,,,True,50,50,1.0,781
sqrt,7,0.09376625591570266,-0.1264295985372613,False,-0.17420236956145826,-0.08571428571428572,False,50,26,0.52,781
log,3,0.21235272195845245,-0.10942143385560137,False,-0.09265787858315508,-0.0696575716028884,False,50,12,0.24,781
ten_percent,5,0.14264867137380988,-0.1210414893939746,False,-0.15750188311612828,-0.07975414838021552,False,50,14,0.28,781
original,50,0.0831856678369254,,True,,,True,50,50,1.0,781
half,25,0.09718385095789554,-0.14354149236844196,False,-0.13286809274012118,-0.11836734693877551,False,50,49,0.98,780
sqrt,7,0.08198872498010278,0.0390528133130254,False,0.06227929296054417,0.024761904761904763,False,50,26,0.52,780
log,3,0.2600644831357669,-0.028010345693365746,False,-0.014480204692783749,-0.02162540750461305,False,50,10,0.2,780
ten_percent,5,0.1270099853777955,0.10730045530906973,False,0.07088412680664899,0.07371228484185338,False,50,20,0.4,780
original,50,0.07822520123447763,,True,,,True,50,50,1.0,780
half,25,0.11102106121434409,-0.23263621176954388,False,-0.19707057168232783,-0.19183673469387755,False,50,49,0.98,775
sqrt,7,0.0895219624741705,0.2692779528042693,False,0.20056732625856824,0.2114285714285714,False,50,26,0.52,775
log,3,0.23283609103170627,0.17900225826444102,False,0.1764238264416554,0.11895134563629493,False,50,13,0.26,775
ten_percent,5,0.13037395161603008,0.20727065898650213,False,0.16498791949150532,0.129004329004329,False,50,17,0.34,775
original,50,0.0914501091596881,,True,,,True,49,49,1.0,775
half,25,0.09039845519570168,-0.23263621176954388,False,-0.18446413766956476,-0.19183673469387755,False,50,49,0.98,779
sqrt,7,0.09678276085535281,-0.049618826464029625,False,-0.04229080184933636,-0.0419047619047619,False,50,26,0.52,779
log,3,0.18815545486351573,0.14116057175589483,False,0.08367996860922987,0.0964825873282736,False,50,10,0.2,779
ten_percent,5,0.12209570732306191,-0.06336748077926892,False,-0.096464415234884,-0.04400293597383553,False,50,19,0.38,779
original,50,0.0705615236442031,,True,,,True,50,50,1.0,779
half,25,0.07428757211911878,,True,,,True,50,50,1.0,782
sqrt,7,0.08348709919766233,0.13616411258887104,False,0.20178136135535374,0.10156667501540163,False,50,31,0.62,782
log,3,0.23478347105991332,0.1484403690015028,False,0.23014447738270571,0.09980957309821406,False,50,10,0.2,782
ten_percent,5,0.13163496503714028,0.03777741976989569,False,0.09777916249515341,0.03060643802045636,False,50,24,0.48,782
original,50,0.07428757211911878,,True,,,True,50,50,1.0,782
half,25,0.0702972601023627,,True,,,True,50,50,1.0,778
sqrt,7,0.08657757641033952,0.12184773904505687,False,0.19925009272309888,0.0996195293750748,False,50,30,0.6,778
log,3,0.25170918444423135,0.23035073393198627,False,0.249985217240802,0.15190386096533492,False,50,12,0.24,778
ten_percent,5,0.130992229948348,0.21416562858787758,False,0.25653744636868264,0.15532972211015947,False,50,18,0.36,778
original,50,0.10579792458702371,-0.049507377148833714,False,-0.05852304581891534,-0.040824829046386304,False,50,48,0.96,778
half,25,0.06483100432148653,-0.004949706633394551,False,-0.03414052430139982,-0.004081632653061224,False,50,49,0.98,784
sqrt,7,0.0768614823657888,-0.12371217804618857,False,-0.05914849733853411,-0.08891275488177133,False,50,27,0.54,784
log,3,0.47089497266420677,-0.10850144405103548,False,-0.14410608831025168,-0.08101497408927755,False,50,4,0.08,784
ten_percent,5,0.11337435171917395,-0.21445202006960698,False,-0.19545601986854194,-0.16074606694428267,False,50,20,0.4,784
original,50,0.06493082078217513,,True,,,True,50,50,1.0,784
half,25,0.06688700465370985,,True,,,True,50,50,1.0,787
sqrt,7,0.10570495742266671,0.09536497964514237,False,0.12618066771410158,0.07881289388937748,False,50,23,0.46,787
log,3,0.4093612995492336,0.16092690864794296,False,0.12504558768294857,0.11478100906294618,False,50,10,0.2,787
ten_percent,5,0.18373386016315854,0.1304565740678457,False,0.16052009787353266,0.09783549783549783,False,50,17,0.34,787
original,50,0.06688700465370985,,True,,,True,50,50,1.0,787
half,25,0.0733838772402203,-0.2128373852359657,False,-0.17620652765269848,-0.17551020408163268,False,50,49,0.98,783
sqrt,7,0.07867688526488381,0.17070794031892267,False,0.07576101333393279,0.12804232804232804,False,50,32,0.64,783
log,3,0.2023015797187719,0.28261040697850254,False,0.29510036369049547,0.20460962485133882,False,50,10,0.2,783
ten_percent,5,0.10645739667196646,0.20115635474500507,False,0.20566878263681657,0.15043429375637357,False,50,22,0.44,783
original,50,0.0861613773831098,0.17323973216880925,False,0.16190717580856814,0.14285714285714285,False,50,49,0.98,783
half,25,0.07490246666337048,,True,,,True,50,50,1.0,785
sqrt,7,0.08795985379043135,-0.055367687179362614,False,-0.0015435009234010908,-0.04221421386856305,False,50,28,0.56,785
log,3,0.23439600274869948,0.19624848395920177,False,0.22346949376502462,0.12907486441385194,False,50,13,0.26,785
ten_percent,5,0.12801803062310108,-0.03047434166720766,False,0.08836309795560718,-0.036657159948547666,False,50,23,0.46,785
original,50,0.07490246666337048,,True,,,True,50,50,1.0,785
half,25,0.10723579312088821,-0.06465766422103658,False,0.11486818383755695,-0.05532815285418751,False,48,44,0.9166666666666666,786
sqrt,7,0.0711369248138347,0.16719302551821374,False,0.24984965671227277,0.12022177858965909,False,50,31,0.62,786
log,3,0.3392141049047288,0.06521936027171332,False,0.10743220138189603,0.030070560661955282,False,50,11,0.22,786
ten_percent,5,0.11848903332171114,0.0731467178753681,False,0.11042918757880789,0.0492832882906958,False,50,19,0.38,786
original,50,0.06021520454183253,,True,,,True,50,50,1.0,786
half,25,0.07633220054604066,,True,,,True,50,50,1.0,789
sqrt,7,0.09095575181599524,0.32360248366639544,False,0.31479358422364434,0.2521572663504384,False,50,33,0.66,789
log,3,0.26417539823505454,0.2620843130385874,False,0.3346554488124322,0.19545864430270934,False,50,11,0.22,789
ten_percent,5,0.11888574995906952,0.28642182708359476,False,0.28266004418227353,0.21523809523809526,False,50,26,0.52,789
original,50,0.07633220054604066,,True,,,True,50,50,1.0,789
half,25,0.06270542048114129,,True,,,True,50,50,1.0,788
sqrt,7,0.09808177165080481,-0.215840996843882,False,-0.23065183038694184,-0.1427664110964136,False,50,29,0.58,788
log,3,0.284901814035674,-0.24120724806292854,False,-0.1324794644343383,-0.1494732423655864,False,50,8,0.16,788
ten_percent,5,0.12245599057872317,-0.19514023114488815,False,-0.16617775300620627,-0.1249683381656929,False,50,19,0.38,788
original,50,0.06270542048114129,,True,,,True,50,50,1.0,788
half,25,0.07982746191460262,,True,,,True,50,50,1.0,794
sqrt,7,0.07647623814634923,0.23641053285792546,False,0.12151008803245544,0.1980664552611281,False,50,35,0.7,794
log,3,0.19111377128136617,0.2372651241402722,False,0.2526717065503809,0.15861784377043261,False,50,12,0.24,794
ten_percent,5,0.08190953987589605,0.324048127164946,False,0.34095421813989624,0.2433105012119288,False,50,25,0.5,794
original,50,0.07982746191460262,,True,,,True,50,50,1.0,794
half,25,0.07221033608527182,,True,,,True,50,50,1.0,792
sqrt,7,0.08399643799621355,0.03075383391401168,False,-0.03804402773615413,0.035237417862486284,False,50,31,0.62,792
log,3,0.23607432610857987,-0.011184854046232104,False,0.01816949589205467,0.008317464424851172,False,50,10,0.2,792
ten_percent,5,0.12410800564231242,0.0627355681874022,False,0.09230208192249804,0.027839676638281793,False,50,13,0.26,792
original,50,0.07221033608527182,,True,,,True,50,50,1.0,792
half,25,0.07496663754003068,,True,,,True,50,50,1.0,796
sqrt,7,0.09082055868921803,-0.010793548505684482,False,0.011347997819958575,-0.0027824034564051235,False,50,24,0.48,796
log,3,0.2543548234548394,0.18851984797736965,False,0.200729004937282,0.128001947882132,False,50,8,0.16,796
ten_percent,5,0.13259794783811718,0.039327559730894274,False,0.0819102095276655,0.01527207096642425,False,50,14,0.28,796
original,50,0.07496663754003068,,True,,,True,50,50,1.0,796
half,25,0.09084879582521849,0.11044916801946124,False,-0.07466298402445791,0.08993066034040627,False,50,48,0.96,791
sqrt,7,0.0860715042305844,0.07232438003728955,False,0.027155769399219293,0.05730478986072454,False,50,25,0.5,791
log,3,0.2061686754995058,-0.09872212565185325,False,-0.018394941661090028,-0.0718352282480043,False,50,11,0.22,791
ten_percent,5,0.12311409905573013,0.0037866253504630475,False,0.023292534350815377,0.010471666659111875,False,50,18,0.36,791
original,50,0.08588061965489165,0.23690664541215647,False,0.35436874225996895,0.19543801139227485,False,48,47,0.9791666666666666,791
half,25,0.08093150271903587,,True,,,True,50,50,1.0,793
sqrt,7,0.09632631701417628,0.020034572596909186,False,-0.011628573346971541,0.025127517683978855,False,50,27,0.54,793
log,3,0.19383437421468688,0.026985656840775533,False,0.016881246254354755,0.026729387255071364,False,50,11,0.22,793
ten_percent,5,0.11878135476405513,0.12938984426037067,False,0.05091718976719454,0.10492640572456902,False,50,21,0.42,793
original,50,0.08093150271903587,,True,,,True,50,50,1.0,793
half,25,0.0715930795137061,,True,,,True,50,50,1.0,790
sqrt,7,0.0976571992583777,-0.11575918551635603,False,-0.22656969352959427,-0.09522741268024686,False,50,28,0.56,790
log,3,0.263756081310914,-0.018905780219858653,False,0.013363216427495788,-0.012588717759558141,False,50,12,0.24,790
ten_percent,5,0.13956060130595122,-0.029782222065392952,False,-0.0915557836644707,-0.019361291828487635,False,50,19,0.38,790
original,50,0.0715930795137061,,True,,,True,50,50,1.0,790
half,25,0.0760755051867069,,True,,,True,50,50,1.0,795
sqrt,7,0.1019688046514467,-0.012931480649860926,False,-0.10779010512127092,-0.015523010514126656,False,50,34,0.68,795
log,3,0.3197750397445731,0.07752015237201089,False,-0.010317716330062529,0.04106854104114778,False,50,6,0.12,795
ten_percent,5,0.15673307626210428,-0.060528299686783506,False,-0.11105188021939297,-0.042149923667134555,False,50,21,0.42,795
original,50,0.0760755051867069,,True,,,True,50,50,1.0,795
half,25,0.08238416493331423,,True,,,True,50,50,1.0,798
sqrt,7,0.07968659392121631,0.3206777985249808,False,0.3271095475215593,0.2346324910368969,False,50,28,0.56,798
log,3,0.3130756836955692,0.17238982427675328,False,0.17497559443949579,0.1149919149152138,False,50,6,0.12,798
ten_percent,5,0.11545517787291779,0.2832804264813437,False,0.316123059235389,0.2107496183356728,False,50,21,0.42,798
original,50,0.08238416493331423,,True,,,True,50,50,1.0,798
half,25,0.0821847267819453,,True,,,True,50,50,1.0,799
sqrt,7,0.09083076553893382,0.09055884477313973,False,0.14435652232632443,0.05489239373728612,False,50,30,0.6,799
log,3,0.2863026236001235,0.006308718847492113,False,0.005194959240141752,-0.024029184180580723,False,50,9,0.18,799
ten_percent,5,0.12226372383954781,0.20304090302202696,False,0.27757236054339557,0.14932231882707495,False,50,24,0.48,799
original,50,0.0821847267819453,,True,,,True,50,50,1.0,799
half,25,0.08685708442999011,,True,,,True,50,50,1.0,797
sqrt,7,0.09652061142939379,0.09538234939244063,False,0.1067914486803215,0.0616236865989964,False,50,22,0.44,797
log,3,0.2112209046180485,0.013113277157651433,False,0.05109031726327616,0.0033269857699404688,False,50,10,0.2,797
ten_percent,5,0.12529741231557057,0.084359258482102,False,0.1631341583618108,0.06146889990862595,False,50,15,0.3,797
original,50,0.10265845685874303,-0.09404442603449646,False,-0.0849569457175346,-0.07755102040816327,False,50,49,0.98,797
half,25,0.07836446708378358,,True,,,True,50,50,1.0,814
sqrt,7,0.07609469457391238,-0.01152318827614174,False,0.004801008179340987,-0.012884458112283807,False,50,36,0.72,814
log,3,0.17158833042731714,-0.02901440203601556,False,-0.03436045913526434,-0.013962222212149168,False,50,18,0.36,814
ten_percent,5,0.09920764084851416,-0.05035501548373389,False,-0.062792554002881,-0.032879797461071454,False,50,25,0.5,814
original,50,0.07836446708378358,,True,,,True,50,50,1.0,814
half,25,0.07275886168304836,,True,,,True,50,50,1.0,810
sqrt,7,0.09210351513427394,-0.03917988218037854,False,-0.07154124775735135,-0.02126174573259749,False,50,27,0.54,810
log,3,0.3417965273594015,0.19738082194162973,False,0.14886153347115247,0.13470481461496472,False,50,6,0.12,810
ten_percent,5,0.12815134017562774,-0.002538792476996184,False,-0.05149356820652123,0.002578529303983658,False,50,16,0.32,810
original,50,0.07336248381890921,,True,,,True,49,49,1.0,810
half,25,0.06857597344323983,,True,,,True,50,50,1.0,812
sqrt,7,0.09343361244627861,0.19619636184315678,False,0.1616844074333497,0.13333333333333333,False,50,26,0.52,812
log,3,0.2186410505166543,0.20787515296690567,False,0.21541183648858403,0.14932190196896597,False,50,13,0.26,812
ten_percent,5,0.1361975843368864,0.11948313336518049,False,0.1299690218174171,0.08917748917748919,False,50,17,0.34,812
original,50,0.06857597344323983,,True,,,True,50,50,1.0,812
half,25,0.08092762167006075,,True,,,True,50,50,1.0,801
sqrt,7,0.08899242829061255,0.16687477608319967,False,0.1415461214349164,0.13621630376729604,False,50,25,0.5,801
log,3,0.22180337734125882,0.20160749439131673,False,0.2699768868226092,0.1246986718077544,False,50,8,0.16,801
ten_percent,5,0.10602614452202226,0.2846376950170722,False,0.29222630046486486,0.20542283455069807,False,50,16,0.32,801
original,50,0.0810676527405119,,True,,,True,47,47,1.0,801
half,25,0.06422376487058952,,True,,,True,49,49,1.0,804
sqrt,7,0.08925066093592546,-0.034890495880256986,False,0.09384464610719148,-0.03285906158674158,False,50,27,0.54,804
log,3,0.2401606216662111,0.06338491490507742,False,0.07414653897588096,0.043435254289490965,False,50,11,0.22,804
ten_percent,5,0.13146592174588448,-0.07568734770365061,False,0.019257725473120664,-0.05108225108225108,False,50,17,0.34,804
original,50,0.06429451209456499,,True,,,True,50,50,1.0,804
half,25,0.08035242505967072,,True,,,True,50,50,1.0,811
sqrt,7,0.11018741742098967,-0.11664196114193028,False,-0.2145063979469975,-0.07928901317607995,False,50,30,0.6,811
log,3,0.27857259614028185,-0.07309866816976351,False,-0.10823186754329783,-0.0574959574576069,False,50,6,0.12,811
ten_percent,5,0.15754342002238678,-0.13662913446309488,False,-0.13993871705525088,-0.09783549783549783,False,50,17,0.34,811
original,50,0.08035242505967072,,True,,,True,50,50,1.0,811
half,25,0.09620950395173397,0.004949706633394551,False,-0.02947227813396661,0.004081632653061224,False,50,49,0.98,803
sqrt,7,0.09375186160713239,-0.002475711137979473,False,-0.08263974201992076,-0.010363946430143024,False,50,31,0.62,803
log,3,0.20126460010028335,0.2351642110369503,False,0.2137547129885283,0.16391706642300255,False,50,15,0.3,803
ten_percent,5,0.1159047680781168,0.14041285855297705,False,0.15702795802117045,0.09968537538072947,False,50,22,0.44,803
original,50,0.07677901892904387,,True,,,True,49,49,1.0,803
half,25,0.07678001334007772,,True,,,True,50,50,1.0,800
sqrt,7,0.07305618474026353,0.1563689976443876,False,0.17937383946677124,0.11796198297080593,False,50,33,0.66,800
log,3,0.1614630991444146,0.32821594918772523,False,0.38526362136650333,0.22743616752268378,False,50,12,0.24,800
ten_percent,5,0.0909773742530372,0.3297429348165862,False,0.4246367886922958,0.2388988508729947,False,50,20,0.4,800
original,50,0.07678001334007772,,True,,,True,50,50,1.0,800
half,25,0.06434917760236455,,True,,,True,49,49,1.0,807
sqrt,7,0.07498249588861798,0.1250732481091377,False,0.20957856358510515,0.09484481856055452,False,50,29,0.58,807
log,3,0.292109427104773,-0.12976978815593823,False,-0.04533571304085946,-0.09662082517554481,False,50,8,0.16,807
ten_percent,5,0.13299263066807376,0.0023213340581649563,False,0.02147378393230726,-0.01408093951162737,False,50,19,0.38,807
original,50,0.0659728692417998,,True,,,True,50,50,1.0,807
half,25,0.06572094717308659,,True,,,True,49,49,1.0,805
sqrt,7,0.09445911472877995,0.10589439035977882,False,0.1292641492542398,0.07797209112196946,False,50,25,0.5,805
log,3,0.2802352512440766,0.11224580037854123,False,0.10348108688478277,0.08351902991484539,False,50,13,0.26,805
ten_percent,5,0.14549584172710042,0.09638682710269576,False,0.14006369141951228,0.07155638883726449,False,50,18,0.36,805
original,50,0.08403050637717063,0.04454735970055096,False,0.02762419543125627,0.03673469387755102,False,50,49,0.98,805
half,25,0.08793039110763155,0.14354149236844196,False,0.11805805643039283,0.11836734693877551,False,50,49,0.98,813
sqrt,7,0.0863006048618015,0.186780010618442,False,0.10037197230170894,0.13842335245272996,False,50,28,0.56,813
log,3,0.23448761022454337,0.11774669910013907,False,0.0931276758012621,0.09031658881666547,False,50,9,0.18,813
ten_percent,5,0.13391980897413658,0.11396291950174671,False,0.05406804037891285,0.07514717789452272,False,50,23,0.46,813
original,50,0.07257989969347708,,True,,,True,50,50,1.0,813
half,25,0.07439433556502996,,True,,,True,50,50,1.0,809
sqrt,7,0.07348803728243093,-0.027782980548436316,False,0.0761286561897747,-0.014509525002200235,False,50,31,0.62,809
log,3,0.2533699263456794,-0.0005297397505527729,False,0.03829522279432282,0.009114518137461653,False,50,9,0.18,809
ten_percent,5,0.1141980384681258,0.045029251120202354,False,0.1257714212242982,0.04765430793311197,False,50,23,0.46,809
original,50,0.07439433556502996,,True,,,True,50,50,1.0,809
half,25,0.076215725480579,0.06434618623412916,False,0.0027290245544180996,0.05306122448979592,False,50,49,0.98,806
sqrt,7,0.08122850388835681,-0.1483104433859504,False,-0.04440686830132491,-0.11791699395417019,False,50,30,0.6,806
log,3,0.17832128740948772,-0.06305943574341204,False,-0.0983970576954158,-0.03493335058437492,False,50,10,0.2,806
ten_percent,5,0.12187827878299722,-0.2515401125664739,False,-0.22545637681686537,-0.16754666654579,False,50,18,0.36,806
original,50,0.07627783349432928,,True,,,True,50,50,1.0,806
half,25,0.08584559647034325,-0.004949706633394551,False,-0.06589327285467587,-0.004081632653061224,False,50,49,0.98,802
sqrt,7,0.08268514399393821,-0.10718234791401286,False,-0.17252533106151693,-0.08311409695469929,False,50,27,0.54,802
log,3,0.2116629130804036,0.04931942107454933,False,-0.019145454114522308,0.01829842173467258,False,50,10,0.2,802
ten_percent,5,0.115582512342462,-0.10730045530906973,False,-0.15692133936472952,-0.08259328301557065,False,50,20,0.4,802
original,50,0.06742826633877672,,True,,,True,50,50,1.0,802
half,25,0.0692281152270608,0.24253562503633297,False,0.3343908310502426,0.19999999999999998,False,50,49,0.98,808
sqrt,7,0.08732428481982969,-0.07297978318579457,False,-0.10628869589720255,-0.04869990122647952,False,50,33,0.66,808
log,3,0.1504423819939118,-0.10061913137083735,False,-0.07548964627705806,-0.05821023297095285,False,50,13,0.26,808
ten_percent,5,0.10881488078872595,-0.08022924485328856,False,-0.06518116198427457,-0.05542594429152046,False,50,25,0.5,808
original,50,0.06942451226190155,,True,,,True,50,50,1.0,808
half,25,0.07440224194653425,,True,,,True,50,50,1.0,815
sqrt,7,0.09577321749286659,0.08150296029582575,False,0.026136182648953326,0.06099154859698457,False,50,30,0.6,815
log,3,0.2907990798353674,0.035122229294105474,False,0.04079918034902139,0.009279892212760597,False,50,13,0.26,815
ten_percent,5,0.15455999216778984,0.0561751836684953,False,0.10795695416194398,0.03624922741117435,False,50,22,0.44,815
original,50,0.07440224194653425,,True,,,True,50,50,1.0,815
half,25,0.06433923552360805,,True,,,True,50,50,1.0,820
sqrt,7,0.08484341901701997,0.06355615066643515,False,0.1617590369779402,0.054120807319339076,False,50,27,0.54,820
log,3,0.215343556311827,0.23764663837678118,False,0.30282779662748377,0.1676412607746632,False,50,8,0.16,820
ten_percent,5,0.121589348915308,0.21677444245220323,False,0.25924423381973355,0.1497835497835498,False,50,17,0.34,820
original,50,0.06433923552360805,,True,,,True,50,50,1.0,820
half,25,0.06886465081992911,,True,,,True,50,50,1.0,816
sqrt,7,0.1408105394364352,-0.24421929067456566,False,-0.23097063354925235,-0.16629588385661961,False,50,14,0.28,816
log,3,0.32878540484980023,-0.011966843112604283,False,0.03161343762142713,-0.021355641341396846,False,50,6,0.12,816
ten_percent,5,0.23624272073357017,-0.10448631867337521,False,-0.0756846306893972,-0.0691668501245082,False,50,7,0.14,816
original,50,0.06886465081992911,,True,,,True,50,50,1.0,816
half,25,0.07025319178218199,0.11384325256807468,False,0.03700446083112884,0.09387755102040816,False,50,49,0.98,817
sqrt,7,0.08649737061303771,0.0350609136579918,False,0.12781450724973206,0.032396954829362334,False,50,28,0.56,817
log,3,0.32712318752519,0.021194288404250965,False,0.11938386512856561,0.004928224924937734,False,50,6,0.12,817
ten_percent,5,0.1575277789724256,0.004540532699243175,False,0.06342894282500673,0.00945460744794008,False,50,16,0.32,817
original,50,0.06888628463275244,,True,,,True,50,50,1.0,817
half,25,0.07402337224958103,,True,,,True,50,50,1.0,819
sqrt,7,0.08940813733420833,0.05045445649711597,False,0.0047438986991499964,0.04220658106294891,False,50,33,0.66,819
log,3,0.29231163677551514,0.17071365593839602,False,0.23328281869665765,0.12143498060282712,False,50,10,0.2,819
ten_percent,5,0.14897109771590117,-0.021043197525923017,False,-0.0195649805177414,-0.004440499086858637,False,50,20,0.4,819
original,50,0.07402337224958103,,True,,,True,50,50,1.0,819
half,25,0.06780079238975965,,True,,,True,50,50,1.0,821
sqrt,7,0.07267940049894589,0.1666391197532086,False,0.19139987996126304,0.13011530367356708,False,50,30,0.6,821
log,3,0.2912223452412716,-0.005496005867545086,False,-0.025521498966381756,-0.023288900389583284,False,50,10,0.2,821
ten_percent,5,0.16922117198383113,-0.10943869561869504,False,-0.10552467327260798,-0.07431091619290743,False,50,22,0.44,821
original,50,0.06780079238975965,,True,,,True,50,50,1.0,821
half,25,0.06722964670969613,,True,,,True,50,50,1.0,828
sqrt,7,0.09591117096053685,-0.016810324478846297,False,-0.020612587191617432,-0.014231361339296401,False,50,30,0.6,828
log,3,0.3209879070182405,0.040597328155998876,False,0.058531109053413265,0.04225822045550403,False,50,9,0.18,828
ten_percent,5,0.13010391585820105,-0.013582273744582192,False,-0.08334354493189546,-0.010560704633720528,False,50,19,0.38,828
original,50,0.06722964670969613,,True,,,True,50,50,1.0,828
half,25,0.06874268896408797,,True,,,True,50,50,1.0,825
sqrt,7,0.0975151389585853,-0.009188122091323513,False,-0.03561686644104172,-0.0046971139230102075,False,50,25,0.5,825
log,3,0.2966901291821909,0.0829765082002207,False,0.11444488232839467,0.05385851626681886,False,50,9,0.18,825
ten_percent,5,0.163542159138331,0.030243825851100962,False,0.04966238485107664,0.019198055541705106,False,50,18,0.36,825
original,50,0.06874268896408797,,True,,,True,50,50,1.0,825
half,25,0.07562414928792437,,True,,,True,50,50,1.0,822
sqrt,7,0.0818487870402928,0.09294114909899401,False,0.11114276970262571,0.07512865544387617,False,50,35,0.7,822
log,3,0.22713602840099287,0.1774595442178007,False,0.17354136757680613,0.1170858774092526,False,50,14,0.28,822
ten_percent,5,0.10493825819594972,0.16246037105608332,False,0.16788346872874454,0.12118553921366336,False,50,25,0.5,822
original,50,0.07562414928792437,,True,,,True,50,50,1.0,822
half,25,0.07366544856672455,,True,,,True,50,50,1.0,824
sqrt,7,0.07421751378620868,0.2256112574685883,False,0.22512559644616953,0.1739597378121613,False,50,27,0.54,824
log,3,0.27064330448730173,0.14583077530202995,False,0.16789297716364388,0.08979952001818141,False,50,12,0.24,824
ten_percent,5,0.10297669834840016,0.26880952218689425,False,0.27361718945401714,0.20357516324339459,False,50,21,0.42,824
original,50,0.07366544856672455,,True,,,True,50,50,1.0,824
half,25,0.07183708965319247,,True,,,True,50,50,1.0,827
sqrt,7,0.07855315916794675,0.1316627994665768,False,0.10360029663806361,0.09352037451537634,False,50,30,0.6,827
log,3,0.19185705688971966,0.11011716724650396,False,0.0994463883927299,0.07466345805807412,False,50,14,0.28,827
ten_percent,5,0.10316610756222191,0.20613553669093376,False,0.16510384394817693,0.1497667500513079,False,50,21,0.42,827
original,50,0.07183708965319247,,True,,,True,50,50,1.0,827
half,25,0.06860341117447032,,True,,,True,50,50,1.0,818
sqrt,7,0.07991628666362965,0.1620011647524004,False,0.09763970263353451,0.11680888180615662,False,50,29,0.58,818
log,3,0.29604656485056385,0.21429774407778404,False,0.1594228011231801,0.16197483517298145,False,50,12,0.24,818
ten_percent,5,0.14963365031418907,0.1947584119352976,False,0.1861180432505529,0.1497667500513079,False,50,21,0.42,818
original,50,0.06860341117447032,,True,,,True,50,50,1.0,818
half,25,0.06502049144123224,0.06434618623412916,False,0.03521548542618327,0.05306122448979592,False,50,49,0.98,823
sqrt,7,0.07956131643879971,0.08822709008736428,False,0.05883286958436906,0.056925445357185606,False,50,30,0.6,823
log,3,0.1937732416310493,0.19478913300989137,False,0.1975459430181745,0.13698810968224073,False,50,11,0.22,823
ten_percent,5,0.10428066208927392,0.2190781961834794,False,0.24784000182650104,0.15768413923860844,False,50,22,0.44,823
original,50,0.06526485753529718,,True,,,True,50,50,1.0,823
half,25,0.08633234874802627,0.17323973216880925,False,0.14909021297078356,0.14285714285714285,False,50,49,0.98,829
sqrt,7,0.07314855546380095,0.23224313644238107,False,0.17047482357040267,0.1875806183710322,False,50,38,0.76,829
log,3,0.27612526759525324,0.025054661718000897,False,0.05102944550022381,0.023388213848187445,False,50,11,0.22,829
ten_percent,5,0.08391685669136241,0.20795364118275467,False,0.2511869337915581,0.13714285714285712,False,50,26,0.52,829
original,50,0.07110137716096854,,True,,,True,49,49,1.0,829
half,25,0.08656250746177685,-0.15344090563523108,False,-0.11749563353037853,-0.12653061224489795,False,50,49,0.98,832
sqrt,7,0.08233670003082671,-0.027445873587477743,False,0.06666662547101848,-0.028470051213682054,False,50,28,0.56,832
log,3,0.22397093463414808,-0.02564802738187707,False,0.011119841887391776,-0.008317464424851172,False,50,10,0.2,832
ten_percent,5,0.12858208855747022,0.02099078669617248,False,0.026129766637136745,0.02816187902325474,False,50,19,0.38,832
original,50,0.06754755937969664,,True,,,True,50,50,1.0,832
half,25,0.07483230994350497,-0.07424559950091826,False,-0.07912545706040067,-0.061224489795918366,False,50,49,0.98,830
sqrt,7,0.10675456043402354,-0.10524523126566072,False,-0.16749457046208327,-0.07047483572497257,False,50,31,0.62,830
log,3,0.22581311159478554,0.030910634238969868,False,0.04552454938525299,0.03244191939621925,False,50,15,0.3,830
ten_percent,5,0.14257986030958103,-0.14092708614969174,False,-0.1745869412907722,-0.09738412097417933,False,50,24,0.48,830
original,50,0.07224378449983433,,True,,,True,50,50,1.0,830
half,25,0.05961449476379286,,True,,,True,50,50,1.0,826
sqrt,7,0.06609549423364691,0.19000582620386808,False,0.08150630122218841,0.15216751510761098,False,50,28,0.56,826
log,3,0.2533999503607198,0.12680043301867738,False,0.16697677246671164,0.08534503346895912,False,50,9,0.18,826
ten_percent,5,0.09067164661320067,0.3294707152960989,False,0.2918004736238704,0.24105736228430943,False,50,22,0.44,826
original,50,0.05961449476379286,,True,,,True,50,50,1.0,826
half,25,0.07360600154069961,,True,,,True,50,50,1.0,831
sqrt,7,0.12364199993823796,-0.28344871373580094,False,-0.2872592961485749,-0.22088832838201594,False,50,28,0.56,831
log,3,0.31387286107324924,-0.33183904505048445,False,-0.3061740988194971,-0.22197102744781597,False,50,15,0.3,831
ten_percent,5,0.14983010592784501,-0.2438988035690141,False,-0.22836406124962477,-0.17333333333333334,False,50,26,0.52,831
original,50,0.07360600154069961,,True,,,True,50,50,1.0,831
half,25,0.07641060781676173,,True,,,True,50,50,1.0,833
sqrt,7,0.07400055409435204,0.021806155781635937,False,-0.029476491720244375,0.017039330844160778,False,50,21,0.42,833
log,3,0.24258547282350476,0.16566147875159426,False,0.17402910199225768,0.1166346565568597,False,50,6,0.12,833
ten_percent,5,0.11316164289938577,0.03047156169102393,False,-0.029435605630496565,0.026152423508688957,False,50,13,0.26,833
original,50,0.07641060781676173,,True,,,True,50,50,1.0,833
half,25,0.08212020524860292,,True,,,True,50,50,1.0,839
sqrt,7,0.08053038063072514,-0.16931518132663134,False,-0.09085359981898299,-0.12571428571428572,False,50,26,0.52,839
log,3,0.2359200568566769,-0.10574106432870962,False,-0.09982434624804984,-0.06639400022069859,False,50,5,0.1,839
ten_percent,5,0.11790091499802141,-0.17472571259993777,False,-0.1081618650703831,-0.1291505554623798,False,50,18,0.36,839
original,50,0.08212020524860292,,True,,,True,50,50,1.0,839
half,25,0.07169057312838893,,True,,,True,49,49,1.0,834
sqrt,7,0.0865391403111642,-0.02305664910238978,False,-0.019636556939525936,-0.010798984943120779,False,50,28,0.56,834
log,3,0.2451725103661076,-0.06370604357377169,False,-0.0017570780353808923,-0.047071684059880804,False,50,8,0.16,834
ten_percent,5,0.11928979918931906,-0.06351863485715453,False,-0.10252853478082179,-0.047273037239700395,False,50,16,0.32,834
original,50,0.07225711115867851,,True,,,True,50,50,1.0,834
half,25,0.08287112259353023,,True,,,True,50,50,1.0,835
sqrt,7,0.08968941195270891,-0.07976770099478357,False,-0.08013692992832033,-0.05895849697708509,False,50,30,0.6,835
log,3,0.24906962863393958,0.11117704419374964,False,0.14338821651479436,0.09021168198586586,False,50,11,0.22,835
ten_percent,5,0.13500371080243007,-0.0071963765124029196,False,0.008601826216871918,0.007992898356345547,False,50,20,0.4,835
original,50,0.08287112259353023,,True,,,True,50,50,1.0,835
half,25,0.07759468815191493,,True,,,True,50,50,1.0,841
sqrt,7,0.09185237962297073,0.046680905484923964,False,0.05546382390923398,0.035481166889432356,False,50,34,0.68,841
log,3,0.17709195322003596,-0.02170193853250306,False,-0.027667399253091984,-0.011255411255411256,False,50,17,0.34,841
ten_percent,5,0.1278285391877166,0.03298368185734864,False,0.06923410986798598,0.02600739970950856,False,50,21,0.42,841
original,50,0.07759468815191493,,True,,,True,50,50,1.0,841
half,25,0.07563497621841679,,True,,,True,50,50,1.0,837
sqrt,7,0.08729831693449747,0.04112458059753604,False,-0.12053773276004,0.030476190476190476,False,50,26,0.52,837
log,3,0.216913527867327,-0.08582976476390922,False,-0.05631508756236171,-0.05434538224068501,False,50,7,0.14,837
ten_percent,5,0.11191552929153832,0.03568956347469636,False,0.02128248012860731,0.02664480280783113,False,50,16,0.32,837
original,50,0.07563497621841679,,True,,,True,50,50,1.0,837
half,25,0.08039405214644471,,True,,,True,50,50,1.0,836
sqrt,7,0.10738081438308215,-0.2317815783179449,False,-0.17494210494910442,-0.1761870893124314,False,50,31,0.62,836
log,3,0.27643019750913506,-0.08387247684054344,False,-0.09588670610671411,-0.0734211860019699,False,50,15,0.3,836
ten_percent,5,0.13965991392232455,-0.2126125403761245,False,-0.2360613716436729,-0.16045193265269547,False,50,24,0.48,836
original,50,0.08039405214644471,,True,,,True,50,50,1.0,836
half,25,0.07047870248118265,,True,,,True,50,50,1.0,843
sqrt,7,0.10008939407614229,0.005910726994174989,False,-0.06274262274900518,-0.006099154859698457,False,50,30,0.6,843
log,3,0.28151404717633877,-0.16686406020136116,False,-0.10393819712802334,-0.11665545123857213,False,50,12,0.24,843
ten_percent,5,0.13690105783786555,-0.07292616090510888,False,-0.11888545786302236,-0.058651455917676266,False,50,23,0.46,843
original,50,0.07047870248118265,,True,,,True,50,50,1.0,843
half,25,0.1003611062298734,,True,,,True,49,49,1.0,838
sqrt,7,0.10595448604987308,-0.1795165654050449,False,-0.1743516403069724,-0.12436735716171628,False,50,31,0.62,838
log,3,0.20038632082685598,-0.0016923332677622836,False,0.032265917572315554,0.004196239253186048,False,50,12,0.24,838
ten_percent,5,0.11446320898017232,0.0648631169634058,False,0.13257532974910333,0.03988111620847344,False,50,24,0.48,838
original,50,0.0991791524921269,,True,,,True,50,50,1.0,838
half,25,0.08254074541320539,-0.004949706633394551,False,-0.031369159732159355,-0.004081632653061224,False,50,49,0.98,842
sqrt,7,0.08834481161905344,0.09099951762907862,False,0.07989188284460737,0.0835978835978836,False,50,32,0.64,842
log,3,0.3454447594545417,-0.03007271694381216,False,-0.03131789807989812,-0.012387285278916,False,50,8,0.16,842
ten_percent,5,0.13560519210834068,0.2107474984295717,False,0.17208355684584875,0.16721115670057504,False,50,19,0.38,842
original,50,0.06465722265407986,,True,,,True,50,50,1.0,842
half,25,0.08598704234826285,,True,,,True,50,50,1.0,840
sqrt,7,0.09082400206855411,0.06684488099628283,False,0.06196103602814624,0.04292975998004046,False,50,29,0.58,840
log,3,0.25654279389106066,0.07174623666837271,False,0.06965647773005917,0.05314847358217434,False,50,13,0.26,840
ten_percent,5,0.12904681574449925,0.11571385018398718,False,0.03357118012633068,0.08518568441625972,False,50,22,0.44,840
original,50,0.08598704234826285,,True,,,True,50,50,1.0,840
half,25,0.06737791436791897,,True,,,True,50,50,1.0,846
sqrt,7,0.08936828527534557,-0.2510208754473199,False,-0.167712236050906,-0.18938850476964256,False,50,33,0.66,846
log,3,0.23477611439658952,-0.06234146505489906,False,-0.019486791298039912,-0.040725522577131336,False,50,14,0.28,846
ten_percent,5,0.11386874448836379,-0.10876778243680815,False,-0.0337097017285341,-0.0838095238095238,False,50,26,0.52,846
original,50,0.06824696566708242,,True,,,True,49,49,1.0,846
half,25,0.06479589908479655,,True,,,True,50,50,1.0,844
sqrt,7,0.06663370335434604,0.19391522689146568,False,0.16541635278713393,0.14841276825266247,False,50,30,0.6,844
log,3,0.2245392145570031,0.19731426195157464,False,0.1581490463579625,0.14257288945059463,False,50,13,0.26,844
ten_percent,5,0.10555608052000337,0.2343992684249349,False,0.299088572238689,0.1739597378121613,False,50,27,0.54,844
original,50,0.08304175477378975,-0.05444677296734005,False,-0.06240382782643534,-0.044897959183673466,False,50,49,0.98,844
half,25,0.06533454480285054,,True,,,True,49,49,1.0,848
sqrt,7,0.09844011701707611,-0.05474645049319344,False,-0.036234517492536436,-0.04,False,50,26,0.52,848
log,3,0.298500352273757,0.12620917846979088,False,0.15170962219808995,0.0982724632127336,False,50,8,0.16,848
ten_percent,5,0.15225242345791462,0.052007760920163806,False,0.05073606461448532,0.03872258365697527,False,50,19,0.38,848
original,50,0.06416112548123662,,True,,,True,50,50,1.0,848
half,25,0.06601451898589401,,True,,,True,50,50,1.0,847
sqrt,7,0.07001535246950065,0.15562102735197084,False,0.1367363923469914,0.11790604451713155,False,50,27,0.54,847
log,3,0.27640392242598966,0.06035964338742498,False,0.0022236076300011748,0.03160636481443445,False,50,10,0.2,847
ten_percent,5,0.09641421546170052,0.1216477826651125,False,0.1331558054275815,0.09504634170348475,False,50,19,0.38,847
original,50,0.06601451898589401,,True,,,True,50,50,1.0,847
half,25,0.05780603445523916,,True,,,True,50,50,1.0,845
sqrt,7,0.08018641717388277,0.13705270046848472,False,0.11244027026870311,0.10529394891755371,False,49,22,0.4489795918367347,845
log,3,0.22075681207059059,0.14303846371953113,False,0.14046359453551724,0.1002352022065176,False,50,11,0.22,845
ten_percent,5,0.14706358877800724,0.11805385018032256,False,0.04749786942385454,0.09024852563942802,False,50,16,0.32,845
original,50,0.05780603445523916,,True,,,True,50,50,1.0,845
half,25,0.05938010219283616,,True,,,True,50,50,1.0,850
sqrt,7,0.08766039941141505,0.23211068765482676,False,0.16343957768450618,0.1767108724759805,False,50,29,0.58,850
log,3,0.2791095053103173,0.2876395230241745,False,0.23690312301462305,0.1626863466630968,False,50,8,0.16,850
ten_percent,5,0.13158712756290852,0.21001401916216839,False,0.1686621386780977,0.13939393939393938,False,50,17,0.34,850
original,50,0.05938010219283616,,True,,,True,50,50,1.0,850
half,25,0.06748292530306003,0.04454735970055096,False,-0.003512970533097414,0.03673469387755102,False,50,49,0.98,853
sqrt,7,0.09660772137207002,-0.2188266375818553,False,-0.22101401952857921,-0.16787512957033213,False,50,28,0.56,853
log,3,0.18293647121684212,-0.09273604077125187,False,-0.08424959018235342,-0.056799947917026646,False,50,11,0.22,853
ten_percent,5,0.10922038138941456,-0.04034933865230051,False,0.005538298780853228,-0.029307293973267003,False,50,20,0.4,853
original,50,0.06879600118731696,,True,,,True,48,48,1.0,853
half,25,0.0773870437434222,,True,,,True,49,49,1.0,849
sqrt,7,0.10233839735760362,0.2673439773742887,False,0.18087946906130625,0.2012605166799706,False,50,24,0.48,849
log,3,0.2437419839687451,0.17764664073596087,False,0.15610019576578066,0.1233694340436698,False,50,12,0.24,849
ten_percent,5,0.14966099831356597,0.21509999068734248,False,0.15765090692229308,0.1518391665571222,False,50,18,0.36,849
original,50,0.09487359236535983,0.05444677296734005,False,0.04363413936642153,0.044897959183673466,False,50,49,0.98,849
half,25,0.06316795085861322,,True,,,True,50,50,1.0,854
sqrt,7,0.09532170326417524,0.06959802267580513,False,0.05390936382277202,0.062140343859714425,False,50,24,0.48,854
log,3,0.2696725660401417,0.029206622695830367,False,0.10676619921142604,0.0338585797623704,False,50,8,0.16,854
ten_percent,5,0.12505507396479595,0.08045052639038022,False,0.08956085409958395,0.05950268776390574,False,50,20,0.4,854
original,50,0.06316795085861322,,True,,,True,50,50,1.0,854
half,25,0.05875788688096606,,True,,,True,49,49,1.0,851
sqrt,7,0.08237168363589546,-0.15183518884119238,False,-0.18249311139718377,-0.11588394233427068,False,50,30,0.6,851
log,3,0.2758099831023684,-0.09291266626960205,False,-0.0903354203411511,-0.078452806766468,False,50,8,0.16,851
ten_percent,5,0.11661110546010914,-0.02426499732821353,False,-0.017148656379311657,-0.021487744199863816,False,50,16,0.32,851
original,50,0.0585478077659407,0.0,False,-0.015523071776945804,0.0,False,49,48,0.9795918367346939,851
half,25,0.07691137127628922,,True,,,True,50,50,1.0,855
sqrt,7,0.10637343993983586,-0.27333393194483685,False,-0.216562172500143,-0.2084656084656085,False,50,32,0.64,855
log,3,0.22433615934117251,-0.24159249308924693,False,-0.26384976700928053,-0.15944542074652301,False,50,13,0.26,855
ten_percent,5,0.13493109089019373,-0.20314272895132585,False,-0.21751643661320094,-0.14561244755186814,False,50,24,0.48,855
original,50,0.07691137127628922,,True,,,True,50,50,1.0,855
half,25,0.08068933975553669,,True,,,True,50,50,1.0,856
sqrt,7,0.10051509328144055,-0.06964588731157646,False,-0.07353687335464733,-0.05203147290776375,False,50,28,0.56,856
log,3,0.2396546145351814,-0.009041894887758486,False,-0.007591522444561272,-0.014267213460832562,False,50,12,0.24,856
ten_percent,5,0.18004528171120857,-0.0348595736264476,False,-0.03632906403203809,-0.03867793955975487,False,50,16,0.32,856
original,50,0.08068933975553669,,True,,,True,50,50,1.0,856
half,25,0.07471253381729329,-0.09404442603449646,False,-0.07390173108052302,-0.07755102040816327,False,50,49,0.98,852
sqrt,7,0.0799957827249788,0.16053812872040285,False,0.16845365264080328,0.11790604451713155,False,50,27,0.54,852
log,3,0.1716156231761199,0.04160572862887201,False,0.12435264864965861,0.02661588615952375,False,50,10,0.2,852
ten_percent,5,0.11755482714089456,-0.007058333802599419,False,0.028194837069854616,0.011952286093343936,False,50,15,0.3,852
original,50,0.0750250007296978,,True,,,True,50,50,1.0,852
half,25,0.08394454612236354,,True,,,True,49,49,1.0,857
sqrt,7,0.09288864424728066,0.14447423244891944,False,0.1687312579257104,0.10308121991160743,False,50,28,0.56,857
log,3,0.23459906742157802,0.14635264562998881,False,0.15875682872925656,0.11683155067109938,False,50,9,0.18,857
ten_percent,5,0.13637072104647918,0.14703428704589522,False,0.12735042761345874,0.10208681145929845,False,50,19,0.38,857
original,50,0.08367711227577923,,True,,,True,50,50,1.0,857
half,25,0.07304299864176267,,True,,,True,50,50,1.0,858
sqrt,7,0.08243831468541925,0.09237600302793028,False,-0.09893348966955802,0.07539747964004376,False,50,34,0.68,858
log,3,0.19072916944484114,0.17800841098323247,False,0.06353373585726856,0.1418191117191012,False,50,16,0.32,858
ten_percent,5,0.09276234675723416,0.0454980691357561,False,-0.04944729384661815,0.03109183929042907,False,50,31,0.62,858
original,50,0.07304299864176267,,True,,,True,50,50,1.0,858
half,25,0.07166883852566897,,True,,,True,50,50,1.0,859
sqrt,7,0.08220102418769355,0.01473179352072541,False,-0.011688181889869708,0.017849032907438788,False,50,25,0.5,859
log,3,0.2511505571692851,0.06521936027171332,False,0.0794047247657542,0.043435254289490965,False,50,11,0.22,859
ten_percent,5,0.13179628649856623,0.014207473284728647,False,-0.031621541861470065,0.018049705127885604,False,50,16,0.32,859
original,50,0.07166883852566897,,True,,,True,50,50,1.0,859
half,25,0.07731375100170908,,True,,,True,50,50,1.0,860
sqrt,7,0.09756233828374486,-0.05194342190269144,False,-0.04912097605068985,-0.03865771951381362,False,50,27,0.54,860
log,3,0.25115837934967866,0.02563396025483329,False,0.09275061616773386,0.03842349417916509,False,50,11,0.22,860
ten_percent,5,0.14439660212003788,-0.019410303933166548,False,-0.007378151898734444,-0.01584105695058079,False,50,19,0.38,860
original,50,0.07731375100170908,,True,,,True,50,50,1.0,860
half,25,0.07332278122563694,,True,,,True,50,50,1.0,863
sqrt,7,0.08655324461151048,0.03882642686081919,False,0.0060764825002474375,0.03456187753829126,False,50,30,0.6,863
log,3,0.29845106158669626,0.13698724022245315,False,0.04144166510908306,0.09662082517554481,False,50,8,0.16,863
ten_percent,5,0.1294721970335545,-0.03806635024146924,False,-0.03361890325485553,-0.02753109433852355,False,50,20,0.4,863
original,50,0.07332278122563694,,True,,,True,50,50,1.0,863
half,25,0.06779300864645044,,True,,,True,49,49,1.0,861
sqrt,7,0.08397597711493467,-0.11429573255998154,False,-0.1388148331804921,-0.08205019843181233,False,50,34,0.68,861
log,3,0.2394992465396072,-0.1306546929740724,False,-0.18799479997443577,-0.09701705495158806,False,50,13,0.26,861
ten_percent,5,0.11281103648231794,-0.02551115463345132,False,-0.0775693567020521,-0.031000951891867374,False,50,25,0.5,861
original,50,0.06778604392927168,,True,,,True,49,49,1.0,861
half,25,0.08605619029769804,,True,,,True,50,50,1.0,868
sqrt,7,0.10086288667470644,-0.0028058059563767362,False,-0.12136095574504235,0.0,False,50,31,0.62,868
log,3,0.2822240152284267,0.03135096160089592,False,0.08845648043102061,0.017400443716972247,False,50,9,0.18,868
ten_percent,5,0.12055484565475214,0.03300537712134648,False,-0.019669862762959258,0.032879797461071454,False,50,25,0.5,868
original,50,0.08605619029769804,,True,,,True,50,50,1.0,868
half,25,0.07354271516174307,,True,,,True,50,50,1.0,862
sqrt,7,0.0895445104377217,-0.04008552110986056,False,5.392890458351244e-05,-0.024959162779093293,False,50,29,0.58,862
log,3,0.2147262527408656,-0.11233564126741442,False,-0.07630864481650103,-0.09355285539274978,False,50,11,0.22,862
ten_percent,5,0.13658837392334022,-0.04815576879785667,False,-0.04209201309438337,-0.05108225108225108,False,50,17,0.34,862
original,50,0.09103716299352019,0.06123724356957945,False,0.01618843863965551,0.050507627227610534,False,49,48,0.9795918367346939,862
half,25,0.06552926897191598,,True,,,True,50,50,1.0,864
sqrt,7,0.08148850697627318,0.4200456564105173,False,0.32288843169846426,0.3129911821903193,False,50,31,0.62,864
log,3,0.2893272582458688,0.1678311846069467,False,0.11845120988792794,0.10357406974388243,False,50,9,0.18,864
ten_percent,5,0.15592481596776564,0.30817034836153684,False,0.2299016628033027,0.20198479547871986,False,50,16,0.32,864
original,50,0.06552926897191598,,True,,,True,50,50,1.0,864
half,25,0.0735456906388774,,True,,,True,50,50,1.0,865
sqrt,7,0.09014718489687736,0.2116969067877062,False,0.15579609120245383,0.14496644817680107,False,50,27,0.54,865
log,3,0.21831866876421546,0.23941372928270963,False,0.24723657966139023,0.17799373869181506,False,50,10,0.2,865
ten_percent,5,0.13465328303875085,0.17579010763400785,False,0.15810714796023018,0.12877447351890048,False,50,20,0.4,865
original,50,0.0735456906388774,,True,,,True,50,50,1.0,865
half,25,0.08046204007694822,,True,,,True,50,50,1.0,866
sqrt,7,0.09854889987689512,-0.12742807177914284,False,0.006128013768752327,-0.10283175064986437,False,50,29,0.58,866
log,3,0.19261837747141466,0.06549738034194613,False,0.12263113502773973,0.0305441419328485,False,50,14,0.28,866
ten_percent,5,0.13521036193377278,-0.15932964624888682,False,-0.06149839414143313,-0.12644977100140367,False,50,21,0.42,866
original,50,0.08046204007694822,,True,,,True,50,50,1.0,866
half,25,0.08033597130258513,,True,,,True,50,50,1.0,870
sqrt,7,0.08592338908562563,0.21851965433375886,False,0.20701135566421017,0.16,False,50,26,0.52,870
log,3,0.3061447045138382,0.3880851716579895,False,0.33774671476130447,0.2684332516736866,False,50,7,0.14,870
ten_percent,5,0.11832673308337652,0.2151138394931767,False,0.21079324115107628,0.171042443830916,False,50,16,0.32,870
original,50,0.08033597130258513,,True,,,True,50,50,1.0,870
half,25,0.07664313354318143,0.08414501276770736,False,0.04804597438012961,0.06938775510204082,False,50,49,0.98,867
sqrt,7,0.09195183485993486,0.004970928934918898,False,0.040909669853629996,0.010798984943120779,False,50,28,0.56,867
log,3,0.2759457557939864,-0.12942453213752345,False,-0.07089054516683929,-0.08706530700723329,False,50,6,0.12,867
ten_percent,5,0.12419902929067217,-0.1055466145169896,False,-0.05265745351913546,-0.07040469755813684,False,50,19,0.38,867
original,50,0.07553174927607956,,True,,,True,50,50,1.0,867
half,25,0.0759681006275589,,True,,,True,50,50,1.0,871
sqrt,7,0.08870633995163214,0.014803930912016256,False,0.030943519939979545,0.016264412959195885,False,50,30,0.6,871
log,3,0.25777597822982434,-0.13083573864321407,False,-0.0315112118192126,-0.09901830166467256,False,50,4,0.08,871
ten_percent,5,0.125982975308364,0.04199711752331744,False,0.05840538981881115,0.01745277776518646,False,50,18,0.36,871
original,50,0.0759681006275589,,True,,,True,50,50,1.0,871
half,25,0.09448455846009836,0.08414501276770736,False,0.06939922481507327,0.06938775510204082,False,50,49,0.98,872
sqrt,7,0.09431279915025385,-0.005368458462599302,False,0.013594425893654732,-0.004066103239798971,False,50,30,0.6,872
log,3,0.2787781478817676,0.006886616757186048,False,0.05847537611194241,0.0008285925579510593,False,50,9,0.18,872
ten_percent,5,0.11019774737644053,0.05127896072196753,False,0.12912304603453534,0.03663748859947962,False,50,25,0.5,872
original,50,0.07876143107827421,,True,,,True,50,50,1.0,872
half,25,0.09119751490640125,0.07424559950091826,False,0.060233271163685514,0.061224489795918366,False,50,49,0.98,869
sqrt,7,0.10017414414397909,0.01672537161848127,False,0.04327472436177999,0.01687389653006282,False,50,20,0.4,869
log,3,0.22901890279531556,0.10676663881595432,False,0.0924895078828309,0.07705910788944852,False,50,9,0.18,869
ten_percent,5,0.12969700820353658,0.06667344998360421,False,0.10604872816972344,0.04588744588744589,False,50,17,0.34,869
original,50,0.07502047679999012,,True,,,True,50,50,1.0,869
half,25,0.07107450675660186,0.2227367985027548,False,0.3699697553939486,0.1836734693877551,False,50,49,0.98,873
sqrt,7,0.0861381554694597,0.09215147013590261,False,0.15877054497439494,0.06218367858085814,False,50,31,0.62,873
log,3,0.2468144569595038,0.22091407009329497,False,0.1719256987837865,0.1612051935344782,False,50,14,0.28,873
ten_percent,5,0.15868169372551905,0.14550925296814268,False,0.12170417257213967,0.11222360607500666,False,50,24,0.48,873
original,50,0.06420844021896954,,True,,,True,49,49,1.0,873
half,25,0.07848194085928188,,True,,,True,50,50,1.0,874
sqrt,7,0.10010968950224955,0.14611358135298844,False,0.012718630941222562,0.10504467171944756,False,50,28,0.56,874
log,3,0.24512397921228074,-0.07332953978736678,False,-0.047601680207084635,-0.04677642769637489,False,50,11,0.22,874
ten_percent,5,0.14948650447631692,0.11032817032768205,False,0.044818179859734325,0.06008606139783012,False,50,21,0.42,874
original,50,0.07848194085928188,,True,,,True,50,50,1.0,874
half,25,0.07818063196958941,,True,,,True,50,50,1.0,879
sqrt,7,0.08569104149555741,0.11276394256138345,False,0.030242731522869,0.09085135251589958,False,50,29,0.58,879
log,3,0.21595598627932694,0.1517589587852537,False,0.14630422124278217,0.10157573928711121,False,50,8,0.16,879
ten_percent,5,0.10445147479056818,0.2609820874663298,False,0.2717729997424649,0.17801833320490187,False,50,18,0.36,879
original,50,0.07818063196958941,,True,,,True,50,50,1.0,879
half,25,0.0698051088447998,,True,,,True,50,50,1.0,876
sqrt,7,0.07514443387462441,0.11939560787761716,False,0.20028385608220747,0.09415314237119372,False,50,33,0.66,876
log,3,0.27369976834737053,0.11536809310168104,False,0.0840594402084028,0.07705627705627704,False,50,17,0.34,876
ten_percent,5,0.11469567803065969,0.14067252132644445,False,0.13964107256848682,0.10109399224938616,False,50,24,0.48,876
original,50,0.0698051088447998,,True,,,True,50,50,1.0,876
half,25,0.07252412735812686,,True,,,True,50,50,1.0,877
sqrt,7,0.09523236722968367,-0.3266592021034001,False,-0.2933754833347497,-0.2529100529100529,False,50,32,0.64,877
log,3,0.37369859648621345,0.07960527393638436,False,0.11123532107744019,0.0501176011032588,False,50,11,0.22,877
ten_percent,5,0.14193582505217678,-0.25844801525035693,False,-0.2876271881143887,-0.19446051641262263,False,50,25,0.5,877
original,50,0.07252412735812686,,True,,,True,50,50,1.0,877
half,25,0.07198377414351141,,True,,,True,50,50,1.0,878
sqrt,7,0.09370794124965176,0.09285649644248177,False,0.27521044705004105,0.06482017213754088,False,50,25,0.5,878
log,3,0.23969223306303775,-0.026205726496543714,False,0.022326930535031278,-0.021408786943300156,False,50,7,0.14,878
ten_percent,5,0.13907812078220716,0.1944043816820996,False,0.31256827471550525,0.1170858774092526,False,50,14,0.28,878
original,50,0.07198377414351141,,True,,,True,50,50,1.0,878
half,25,0.0739000286281605,,True,,,True,50,50,1.0,880
sqrt,7,0.08241869583475048,-0.004865164489495091,False,-0.026989765913520026,-0.0009817259039200707,False,50,28,0.56,880
log,3,0.1695610247741512,0.021687036098106547,False,0.05591152715432935,0.01745277776518646,False,50,18,0.36,880
ten_percent,5,0.11386410319009639,0.09051334316081079,False,0.13108513164117336,0.07881289388937748,False,50,23,0.46,880
original,50,0.0739000286281605,,True,,,True,50,50,1.0,880
half,25,0.07998983770996475,,True,,,True,49,49,1.0,881
sqrt,7,0.0828416318866624,-0.004679637207661265,False,-0.0631383241130749,-0.0022766259225417023,False,50,35,0.7,881
log,3,0.1800014857273392,-0.03452940010421256,False,-0.07965008330290661,-0.02568636929648284,False,50,9,0.18,881
ten_percent,5,0.09129999174284155,0.057335935061499234,False,0.0001214926455038739,0.03663748859947962,False,50,25,0.5,881
original,50,0.07924801717552221,,True,,,True,50,50,1.0,881
half,25,0.06840648312302092,,True,,,True,50,50,1.0,875
sqrt,7,0.09302349968250184,-0.021246931749819283,False,0.030714717224814017,-0.01697223068978344,False,50,29,0.58,875
log,3,0.3265854150545154,0.09238338645139095,False,0.10701085806038041,0.056981512283013604,False,50,8,0.16,875
ten_percent,5,0.1657169828345539,0.03383220914559564,False,0.006266286049457303,0.021121409267441056,False,50,19,0.38,875
original,50,0.06840648312302092,,True,,,True,50,50,1.0,875
half,25,0.07389186891402336,,True,,,True,50,50,1.0,883
sqrt,7,0.0940302586309776,0.0118572972239985,False,-0.030964928150792218,0.010333650630622457,False,50,25,0.5,883
log,3,0.30835462417399945,-0.06324644793649493,False,-0.034465639609874484,-0.04599676596608552,False,50,6,0.12,883
ten_percent,5,0.14980911362355476,0.12865638786393285,False,0.11322340839973144,0.07854359432768872,False,50,15,0.3,883
original,50,0.07324493656794337,0.05444677296734005,False,0.017996541074427004,0.044897959183673466,False,50,49,0.98,883
half,25,0.07354667474135537,,True,,,True,50,50,1.0,882
sqrt,7,0.082362115455486,0.16081483926689752,False,0.02734555707419061,0.11486193075864828,False,50,28,0.56,882
log,3,0.21120826374456972,0.1125287407796919,False,0.09262837370234708,0.08854109528242389,False,50,11,0.22,882
ten_percent,5,0.12288314281786217,0.12789698118939533,False,0.05946020553994146,0.08614568228505756,False,50,20,0.4,882
original,50,0.09093413360716752,0.014849119900183652,False,-0.02138822576946581,0.012244897959183673,False,50,49,0.98,882
half,25,0.07677861023869799,,True,,,True,50,50,1.0,886
sqrt,7,0.10847571986316236,-0.05224763603936033,False,0.04614284530340582,-0.04810456929208346,False,50,28,0.56,886
log,3,0.2657331886512518,-0.05215528634987755,False,0.03247459260801705,-0.02900073952828708,False,50,9,0.18,886
ten_percent,5,0.14332615796721024,-0.08397544346987379,False,-0.027469152943967148,-0.05414911538365682,False,50,16,0.32,886
original,50,0.07677861023869799,,True,,,True,50,50,1.0,886
half,25,0.0810092269987813,-0.23263621176954388,False,-0.2068217154986264,-0.19183673469387755,False,50,49,0.98,887
sqrt,7,0.08346702282576453,0.13431931256921126,False,0.08006974874586852,0.0962962962962963,False,50,32,0.64,887
log,3,0.19750861885531543,-0.019744425130370648,False,-0.006982466070425859,-0.043435254289490965,False,50,11,0.22,887
ten_percent,5,0.1122544623538639,0.09603496546723102,False,0.10858318924222934,0.06343614796955512,False,50,22,0.44,887
original,50,0.08071021227992654,,True,,,True,50,50,1.0,887
half,25,0.11717718728861022,0.02093018804978267,False,0.00753720816808661,0.014504945216194559,False,50,48,0.96,885
sqrt,7,0.08749460162880746,0.10017286298454592,False,0.05936187957419909,0.05991946524641111,False,50,27,0.54,885
log,3,0.2711733370644668,0.12073547005148409,False,0.14611732390635915,0.08519992187553997,False,50,11,0.22,885
ten_percent,5,0.1363835295401465,0.1370574896044203,False,0.2176165606576572,0.07744516731395054,False,50,19,0.38,885
original,50,0.10759585101092695,0.15344090563523108,False,0.16174594960768443,0.12653061224489795,False,50,49,0.98,885
half,25,0.09910807728320249,0.23474276701672123,False,0.2669884663596138,0.19361257103917373,False,49,48,0.9795918367346939,884
sqrt,7,0.10225234276312602,-0.1452191319412446,False,-0.06426683228669032,-0.12380952380952381,False,50,32,0.64,884
log,3,0.22277768216260496,-0.09215272638177448,False,-0.10244655016757553,-0.059391387091649865,False,50,14,0.28,884
ten_percent,5,0.12349859102025555,-0.14622203447323506,False,-0.09991490013112275,-0.11593347735021349,False,50,24,0.48,884
original,50,0.08552935835107972,,True,,,True,50,50,1.0,884
half,25,0.0795374406324433,,True,,,True,50,50,1.0,890
sqrt,7,0.07031326375755195,0.21177474140489727,False,0.25558532996298833,0.16410039686362465,False,50,34,0.68,890
log,3,0.20165821088719393,0.24082231728604778,False,0.22490786096513699,0.17094453684904082,False,50,8,0.16,890
ten_percent,5,0.09201990171034614,0.20423934923166107,False,0.23470901170892527,0.1623220464627948,False,50,21,0.42,890
original,50,0.08107421978226224,,True,,,True,49,49,1.0,890
half,25,0.09277907122567512,-0.23263621176954388,False,-0.19339728965805789,-0.19183673469387755,False,50,49,0.98,889
sqrt,7,0.08331384123993424,0.3194694869678455,False,0.3129651863182492,0.23534645160350776,False,50,20,0.4,889
log,3,0.2737305804721857,0.23402435019940962,False,0.2580462824494108,0.14821467883823186,False,50,7,0.14,889
ten_percent,5,0.12411389970978626,0.271455503309592,False,0.2270811462903178,0.20198479547871986,False,50,16,0.32,889
original,50,0.07880028893600988,,True,,,True,50,50,1.0,889
half,25,0.07023955021445179,,True,,,True,50,50,1.0,888
sqrt,7,0.06837460772115182,0.2581740478831846,False,0.2599086961569711,0.19110685227055166,False,50,30,0.6,888
log,3,0.27375647271878467,0.07997483499653765,False,0.18062126627632363,0.06630058020033955,False,50,12,0.24,888
ten_percent,5,0.09656720290548818,0.31742241853073794,False,0.4068543832712587,0.23018259406095715,False,50,22,0.44,888
original,50,0.07023955021445179,,True,,,True,50,50,1.0,888
half,25,0.0672908118638187,,True,,,True,50,50,1.0,891
sqrt,7,0.07840779926619498,0.055440054409497175,False,0.08308620833241204,0.05132002392796674,False,50,23,0.46,891
log,3,0.19897571684767074,0.15912767954873358,False,0.18297028563392714,0.09819199852455351,False,50,12,0.24,891
ten_percent,5,0.12689218163097946,0.05403439774571303,False,0.07592574436558716,0.04069264069264069,False,50,17,0.34,891
original,50,0.0672908118638187,,True,,,True,50,50,1.0,891
half,25,0.07646917994048825,,True,,,True,50,50,1.0,892
sqrt,7,0.07750843472713954,0.30074212761187596,False,0.30647679037973213,0.22770178142874242,False,50,30,0.6,892
log,3,0.21986931817926852,0.2651644468688104,False,0.2288334034757768,0.18043828788700006,False,50,12,0.24,892
ten_percent,5,0.13079906059334337,0.07130662840264933,False,0.050969981681713634,0.04932437875941278,False,50,21,0.42,892
original,50,0.07646917994048825,,True,,,True,50,50,1.0,892
half,25,0.06926869993089754,-0.004949706633394551,False,0.006007909719128881,-0.004081632653061224,False,50,49,0.98,894
sqrt,7,0.09035833694478067,0.04896893823122233,False,0.12780061566135617,0.032396954829362334,False,50,28,0.56,894
log,3,0.25358177825921985,-0.09416369129446464,False,-0.050728448633347,-0.0685429785433352,False,50,8,0.16,894
ten_percent,5,0.1278157551795445,-0.0349156363484255,False,0.012410675747279332,-0.019198055541705106,False,50,18,0.36,894
original,50,0.0694054233342006,,True,,,True,50,50,1.0,894
half,25,0.08778820490959223,,True,,,True,50,50,1.0,897
sqrt,7,0.0980391125257532,-0.12144336484931521,False,-0.05637317239622911,-0.09631758242570392,False,50,33,0.66,897
log,3,0.23675531303016015,-0.0699738052321072,False,-0.00427636206366794,-0.04225822045550403,False,50,9,0.18,897
ten_percent,5,0.11905577110905749,-0.12451240767306075,False,-0.06379010246051368,-0.08800587194767107,False,50,19,0.38,897
original,50,0.08673360744451704,,True,,,True,49,49,1.0,897
half,25,0.07531223942045367,,True,,,True,50,50,1.0,895
sqrt,7,0.09929003723277907,0.08134141093523181,False,0.1830659328062946,0.054120807319339076,False,50,27,0.54,895
log,3,0.28049663881011727,0.1337696871302129,False,0.18997889870427126,0.0968940287996337,False,50,11,0.22,895
ten_percent,5,0.15386904364218776,0.1750207743155583,False,0.20511048852214234,0.13438638879193576,False,50,18,0.36,895
original,50,0.07531223942045367,,True,,,True,50,50,1.0,895
half,25,0.0559286618564153,,True,,,True,50,50,1.0,896
sqrt,7,0.08015606041689129,0.21574121312755715,False,0.2382612115891781,0.1625201417361532,False,50,25,0.5,896
log,3,0.218381811007475,0.14248098648419655,False,0.1800882988851991,0.11098551372390798,False,50,15,0.3,896
ten_percent,5,0.13718671472101732,0.17889031688138404,False,0.17782952829159407,0.14797313627823835,False,50,21,0.42,896
original,50,0.0559286618564153,,True,,,True,50,50,1.0,896
half,25,0.06558592960295413,,True,,,True,50,50,1.0,898
sqrt,7,0.07681009109046678,0.13385344886009018,False,0.13183450405268382,0.10985783215951606,False,50,31,0.62,898
log,3,0.19150946999469676,0.40029652504440494,False,0.38921991607438994,0.2809276460772072,False,50,13,0.26,898
ten_percent,5,0.11710275836683465,0.313519626489745,False,0.30416243923066655,0.23406659738557703,False,50,21,0.42,898
original,50,0.06558592960295413,,True,,,True,50,50,1.0,898
half,25,0.06269093054462459,,True,,,True,50,50,1.0,901
sqrt,7,0.0867769876135532,-0.09613988089023996,False,-0.09277518751780328,-0.059885280139124315,False,50,28,0.56,901
log,3,0.2260011909723555,-0.12889744461332484,False,-0.12367722822837685,-0.07623014840154281,False,50,5,0.1,901
ten_percent,5,0.12728506312976479,-0.10647572653068042,False,-0.13712691313994377,-0.06617897418783843,False,50,14,0.28,901
original,50,0.06269093054462459,,True,,,True,50,50,1.0,901
half,25,0.07773446453866333,,True,,,True,50,50,1.0,899
sqrt,7,0.08350426316705872,0.28875256527866927,False,0.14559205051164875,0.2114285714285714,False,50,26,0.52,899
log,3,0.1683567786241271,0.2298962905256597,False,0.25728892446364765,0.1696896774047139,False,50,14,0.28,899
ten_percent,5,0.10463743454066492,0.23099743383058513,False,0.18284696191019278,0.16369092182266817,False,50,19,0.38,899
original,50,0.07773446453866333,,True,,,True,50,50,1.0,899
half,25,0.060584025193873174,-0.13364207910165288,False,-0.11454732444783486,-0.11020408163265306,False,50,49,0.98,902
sqrt,7,0.10489567350586676,-0.08998200014575485,False,-0.07405734792987513,-0.07609324555276538,False,50,25,0.5,902
log,3,0.3448850803391155,-0.11602645511222014,False,-0.14752229235031647,-0.07246050965424668,False,50,7,0.14,902
ten_percent,5,0.1851971302726938,0.026266925696807164,False,0.01439032170488384,0.0305441419328485,False,50,14,0.28,902
original,50,0.060630225500909726,,True,,,True,50,50,1.0,902
half,25,0.08093594896790975,,True,,,True,49,49,1.0,893
sqrt,7,0.07977677366299893,0.21849945602706897,False,0.23525671645274415,0.15978835978835979,False,50,32,0.64,893
log,3,0.17344424028458977,0.24818114815461007,False,0.19376767913612886,0.17039984375107994,False,50,11,0.22,893
ten_percent,5,0.11293063612703025,0.12164467726860502,False,0.11731672006922778,0.07331431989709533,False,50,23,0.46,893
original,50,0.07996891654059729,,True,,,True,50,50,1.0,893
half,25,0.0786910472971468,,True,,,True,50,50,1.0,900
sqrt,7,0.07925047125524844,0.0360990783719253,False,-0.009022198934698227,0.02077922077922078,False,50,39,0.78,900
log,3,0.2010984683767461,0.13478185902834874,False,0.10294892827895426,0.09163242579854551,False,50,14,0.28,900
ten_percent,5,0.08302049356553792,0.06089190572074831,False,0.08436310546022742,0.05101073003409393,False,50,24,0.48,900
original,50,0.0786910472971468,,True,,,True,50,50,1.0,900
half,25,0.07745765667642873,,True,,,True,50,50,1.0,906
sqrt,7,0.09007763568747296,0.11105325750192742,False,0.06430343939568971,0.08891275488177133,False,50,27,0.54,906
log,3,0.38535104509368096,0.1335095037571486,False,0.14242947708252685,0.0991811608235127,False,50,5,0.1,906
ten_percent,5,0.14277080285672894,0.26432612024336205,False,0.20182869039693857,0.1867447220874951,False,50,18,0.36,906
original,50,0.07745765667642873,,True,,,True,50,50,1.0,906
half,25,0.09965672823005903,0.014849119900183652,False,0.011250656721733266,0.012244897959183673,False,50,49,0.98,907
sqrt,7,0.10580889011524919,0.01843049320310275,False,-0.047158868755491724,0.013912017282025617,False,50,24,0.48,907
log,3,0.2588414478068907,0.029076064590865834,False,0.05350370516030396,0.009856449849875468,False,50,6,0.12,907
ten_percent,5,0.13214840360658847,0.0516475321693654,False,0.06454350450076042,0.03927179716384436,False,50,15,0.3,907
original,50,0.10056445512048505,,True,,,True,50,50,1.0,907
half,25,0.07604906018120686,0.13364207910165288,False,0.09823105699941996,0.11020408163265306,False,50,49,0.98,905
sqrt,7,0.08888828532723649,0.06652376867764576,False,-0.0008907151586599766,0.05091669206935032,False,50,29,0.58,905
log,3,0.29674969920262595,0.0784777621365722,False,0.12708499356024028,0.0503749601342584,False,50,8,0.16,905
ten_percent,5,0.11656502425267089,0.12281435643563245,False,0.04459668949862638,0.09437229437229437,False,50,17,0.34,905
original,50,0.07642531958066584,,True,,,True,50,50,1.0,905
half,25,0.07326747259540643,,True,,,True,50,50,1.0,904
sqrt,7,0.08748024636070807,-0.04123955012447472,False,-0.015765737406175765,-0.022726620572357106,False,50,33,0.66,904
log,3,0.3074970108094362,0.06101847142039261,False,0.09513000800103616,0.0345834250622541,False,50,7,0.14,904
ten_percent,5,0.13324204886571703,0.05838403807547812,False,0.1180963842489258,0.04349907289340923,False,50,22,0.44,904
original,50,0.07326747259540643,,True,,,True,50,50,1.0,904
half,25,0.08238708318403522,,True,,,True,50,50,1.0,903
sqrt,7,0.09022966966135938,0.2353025897141824,False,0.07566918452193017,0.1699687214543456,False,50,31,0.62,903
log,3,0.19457476515215227,0.27666862426597094,False,0.28135840097906456,0.19140488088669472,False,50,9,0.18,903
ten_percent,5,0.11290471111275097,0.21266533348721733,False,0.09369246905232627,0.15008886913582192,False,50,20,0.4,903
original,50,0.08079556203101138,,True,,,True,49,49,1.0,903
half,25,0.06796626837209085,,True,,,True,50,50,1.0,909
sqrt,7,0.08249209133961447,-0.10089928093431125,False,-0.10641021042327209,-0.06970253917832502,False,50,28,0.56,909
log,3,0.16404774536739797,-0.030145471945894134,False,-0.07590481074550379,-0.019198055541705106,False,50,18,0.36,909
ten_percent,5,0.11119321387019115,-0.024448002186378204,False,-0.03881740732948786,-0.012687229593911024,False,50,22,0.44,909
original,50,0.06796626837209085,,True,,,True,50,50,1.0,909
half,25,0.06643610426801072,0.14354149236844196,False,0.10362150844116833,0.11836734693877551,False,50,49,0.98,908
sqrt,7,0.11938930021363553,-0.09475852508460092,False,-0.1251773852875428,-0.0769800358919501,False,50,23,0.46,908
log,3,0.5794309497367404,-0.022723999739881713,False,0.1218554564489052,-0.012295185226055293,False,50,5,0.1,908
ten_percent,5,0.2612003287231411,-0.04368876465277614,False,-0.09447874614303416,-0.0250588005516294,False,50,11,0.22,908
original,50,0.06668350555205539,,True,,,True,50,50,1.0,908
half,25,0.08296414043723399,,True,,,True,50,50,1.0,912
sqrt,7,0.08714267230069908,0.034198461934847664,False,0.07418983075476042,0.026955895801420757,False,50,29,0.58,912
log,3,0.2510434120347428,-0.0126311713797966,False,0.016475673676579372,0.0,False,50,10,0.2,912
ten_percent,5,0.13720349995011766,-0.0017464884493301092,False,0.08083815407488645,0.004484034432673889,False,50,21,0.42,912
original,50,0.08383720775219038,,True,,,True,49,49,1.0,912
half,25,0.09012844111867359,-0.004949706633394551,False,-0.03149114444945834,-0.004081632653061224,False,50,49,0.98,910
sqrt,7,0.08702049737138626,0.07519852069632631,False,0.06710130843222593,0.05399492471560389,False,50,28,0.56,910
log,3,0.2697640292009161,-0.1691068978769887,False,-0.14335455785517584,-0.11192930913061135,False,50,11,0.22,910
ten_percent,5,0.13405262148802333,-0.02959050429865014,False,-0.041881014280295246,-0.02600739970950856,False,50,21,0.42,910
original,50,0.07253660625156357,,True,,,True,50,50,1.0,910
half,25,0.05732534971247033,0.24253562503633297,False,0.5651751824488082,0.19999999999999998,False,50,49,0.98,911
sqrt,7,0.08466457114417586,-0.042313657767329545,False,0.09076487338485899,-0.03068783068783069,False,50,32,0.64,911
log,3,0.29052855810284156,-0.015206586591850256,False,-0.0359337668834263,-0.015035280330977641,False,50,11,0.22,911
ten_percent,5,0.12988828230804456,0.0025188944035406968,False,0.021203016081726842,0.01408093951162737,False,50,19,0.38,911
original,50,0.07832409317895846,-0.004949706633394551,False,-0.026690872589929325,-0.004081632653061224,False,50,49,0.98,911
half,25,0.07864972088923193,,True,,,True,50,50,1.0,914
sqrt,7,0.08727718468096171,0.004834981738731519,False,0.03855202915138017,0.0010822200272551004,False,50,33,0.66,914
log,3,0.2408645030732571,0.21409908423763774,False,0.2297676298455694,0.1436704564960086,False,50,11,0.22,914
ten_percent,5,0.10776693657362806,0.24333989241725518,False,0.23215367970091574,0.1759543677530288,False,50,23,0.46,914
original,50,0.07864972088923193,,True,,,True,50,50,1.0,914
half,25,0.07835462817177218,,True,,,True,50,50,1.0,917
sqrt,7,0.08570570623137916,0.1421448239132352,False,0.17845951970359672,0.10687830687830688,False,50,32,0.64,917
log,3,0.2880119014277287,0.03244023735344535,False,0.04636207883573808,0.01642741641645911,False,50,6,0.12,917
ten_percent,5,0.145840882961631,-0.006200512395740682,False,0.012018557550439348,-0.0008595097679945526,False,50,16,0.32,917
original,50,0.07835462817177218,,True,,,True,50,50,1.0,917
half,25,0.06157662525179445,,True,,,True,50,50,1.0,915
sqrt,7,0.08912910227437956,0.20311173990133924,False,0.1321761921515986,0.14479578179676328,False,50,23,0.46,915
log,3,0.23211101121209837,0.13453330651983805,False,0.17180645117408405,0.0834077208780344,False,50,8,0.16,915
ten_percent,5,0.11897013310042759,0.139269978916581,False,0.05856334490356802,0.09416472308615167,False,50,21,0.42,915
original,50,0.06157662525179445,,True,,,True,50,50,1.0,915
half,25,0.07821279428017075,,True,,,True,50,50,1.0,918
sqrt,7,0.11231452493694297,-0.039389120536482025,False,-0.056949896354201585,-0.028993289635360214,False,50,27,0.54,918
log,3,0.3475288905495454,-0.0718999876903576,False,-0.11132631753390293,-0.05958659739524187,False,50,12,0.24,918
ten_percent,5,0.16844096066524955,-0.07759398682023771,False,-0.08535338873563657,-0.06008606139783012,False,50,21,0.42,918
original,50,0.09600629166298237,-0.04454735970055096,False,-0.0640693980728769,-0.03673469387755102,False,50,49,0.98,918
half,25,0.07521706796776831,,True,,,True,50,50,1.0,913
sqrt,7,0.10201826890920057,-0.09784220998203515,False,-0.12880134805988588,-0.06887353208123127,False,50,22,0.44,913
log,3,0.19478032236812645,0.10129823417034242,False,0.1199918935899053,0.0528726145901442,False,50,12,0.24,913
ten_percent,5,0.1317867888064281,0.02236090297046639,False,0.03501216608583227,-0.002578529303983658,False,50,16,0.32,913
original,50,0.09279262092628049,0.024748533166972755,False,-0.03514977428314307,0.02040816326530612,False,50,49,0.98,913
half,25,0.06127020832393102,,True,,,True,48,48,1.0,916
sqrt,7,0.07543018659758424,0.013638748342441756,False,-0.004410867178867653,0.009523809523809523,False,50,32,0.64,916
log,3,0.29379546253487165,-0.11736143382700978,False,-0.12232819046669755,-0.08865940370076335,False,50,9,0.18,916
ten_percent,5,0.17807904563389484,-0.02000672546805766,False,-0.07512073799278528,-0.00512240832571883,False,50,15,0.3,916
original,50,0.062252728266738354,,True,,,True,50,50,1.0,916
half,25,0.10066244280127509,-0.18313914543559837,False,-0.14942797232976116,-0.1510204081632653,False,50,49,0.98,921
sqrt,7,0.0903778614878025,0.04188272038782731,False,0.11159013059548706,0.028470051213682054,False,50,28,0.56,921
log,3,0.4233847415375242,0.16791547074033644,False,0.26406415809879397,0.1252049599561562,False,50,4,0.08,921
ten_percent,5,0.1432058478656359,0.1990405784595032,False,0.24899382506717338,0.13073593073593073,False,50,17,0.34,921
original,50,0.08150173079064857,,True,,,True,50,50,1.0,921
half,25,0.09798201208339975,-0.2128373852359657,False,-0.17040389069362896,-0.17551020408163268,False,50,49,0.98,920
sqrt,7,0.07259462166895946,0.15002809496155606,False,0.17502537431382192,0.11607620001760188,False,50,31,0.62,920
log,3,0.2201702869528784,0.07265477566289459,False,0.14796275493617944,0.039523914356861825,False,50,7,0.14,920
ten_percent,5,0.10336535187754971,0.12350168320262916,False,0.195971618433898,0.0977519506322908,False,50,21,0.42,920
original,50,0.07959103939947265,,True,,,True,49,49,1.0,920
half,25,0.09778345764202223,-0.24253562503633297,False,-0.19061677088387266,-0.19999999999999998,False,50,49,0.98,922
sqrt,7,0.08807287050039107,0.014088017534672296,False,0.018821143046839503,0.009523809523809523,False,50,26,0.52,922
log,3,0.22566020466345088,0.06704315719712038,False,0.06925687898961624,0.05256773253266916,False,50,6,0.12,922
ten_percent,5,0.1064142371206165,0.3272601148712581,False,0.28738948917443224,0.22261302991058915,False,50,16,0.32,922
original,50,0.07791340501109524,,True,,,True,50,50,1.0,922
half,25,0.0825148567146282,-0.09404442603449646,False,-0.09501555617948378,-0.07755102040816327,False,50,49,0.98,924
sqrt,7,0.109459739613822,-0.1773818163867338,False,-0.13754690233851663,-0.12950336037127563,False,50,27,0.54,924
log,3,0.3228087201624865,0.16782981872002692,False,0.15779382422225804,0.1147888435846216,False,50,8,0.16,924
ten_percent,5,0.17758424165577238,0.09451513014179282,False,0.057396458833223384,0.06495924548932419,False,50,13,0.26,924
original,50,0.0832647461487142,,True,,,True,50,50,1.0,924
half,25,0.0912042695093177,,True,,,True,50,50,1.0,919
sqrt,7,0.1030731189313415,0.11723408662971364,False,0.04825844693326881,0.08116650204413252,False,50,33,0.66,919
log,3,0.20515188238108414,0.0024984173028389524,False,0.03805405231896547,0.006060606060606061,False,50,17,0.34,919
ten_percent,5,0.14093209173559515,-0.03456990299698002,False,-0.02921602124136023,-0.02133175983243928,False,50,24,0.48,919
original,50,0.0912042695093177,,True,,,True,50,50,1.0,919
half,25,0.10074393267994033,-0.2128373852359657,False,-0.18731188889323364,-0.17551020408163268,False,50,49,0.98,923
sqrt,7,0.08057392581126553,0.2201182280679083,False,0.22317226501556128,0.1720415107403742,False,50,31,0.62,923
log,3,0.2927687863741378,-0.032121492147154505,False,-0.03001237454874528,-0.02734355441238496,False,50,9,0.18,923
ten_percent,5,0.10809121192854404,0.1937767729762215,False,0.24598499220862474,0.15224675512693228,False,50,22,0.44,923
original,50,0.08117390848330029,,True,,,True,50,50,1.0,923
half,25,0.06075359675001209,,True,,,True,50,50,1.0,925
sqrt,7,0.0804339788072036,0.07292458511971447,False,0.059686244787777724,0.06184873194696446,False,50,28,0.56,925
log,3,0.24081569589195312,-0.05015759831407117,False,0.005931015365194641,-0.030070560661955282,False,50,11,0.22,925
ten_percent,5,0.13363355494783677,-0.1604683905314456,False,-0.06248161741239031,-0.1161677509709258,False,50,19,0.38,925
original,50,0.06075359675001209,,True,,,True,50,50,1.0,925
half,25,0.07496829584831499,,True,,,True,50,50,1.0,926
sqrt,7,0.09384159665626901,0.1025006864011635,False,0.1086263237794901,0.08952380952380952,False,50,26,0.52,926
log,3,0.23329829555563564,-0.018251942314500082,False,0.00840803532128035,-0.02900073952828708,False,50,9,0.18,926
ten_percent,5,0.1580193845873847,-0.12043435692576628,False,-0.13465560668409843,-0.07155638883726449,False,50,18,0.36,926
original,50,0.07496829584831499,,True,,,True,50,50,1.0,926
half,25,0.08495088339533709,-0.24253562503633297,False,-0.1970324574006288,-0.19999999999999998,False,50,49,0.98,927
sqrt,7,0.11835059083390992,-0.10456686846271923,False,-0.20945966097199525,-0.0715167811005552,False,50,27,0.54,927
log,3,0.26903917523635257,0.10640074517256144,False,0.21183852804587644,0.07319368693869031,False,50,10,0.2,927
ten_percent,5,0.12856980333361392,-0.017072782898390374,False,0.01819972101381811,-0.015097696895319366,False,50,20,0.4,927
original,50,0.11843489738846938,-0.07779730694816726,False,-0.0830887293279786,-0.06415330278717848,False,50,48,0.96,927
half,25,0.08423433671181087,,True,,,True,50,50,1.0,929
sqrt,7,0.08641434124494075,0.27712800908379087,False,0.1851104610862263,0.22397486598954175,False,50,34,0.68,929
log,3,0.22854499927624325,0.26768419889463385,False,0.2191362314470684,0.2004704044130352,False,50,11,0.22,929
ten_percent,5,0.11687687628493362,0.24910590228599447,False,0.11603334607646225,0.1643989873053573,False,50,25,0.5,929
original,50,0.08423433671181087,,True,,,True,50,50,1.0,929
half,25,0.06948999721158085,,True,,,True,50,50,1.0,932
sqrt,7,0.07787753413628817,-0.040101907362420246,False,-0.049996413674592045,-0.02705550068137751,False,50,33,0.66,932
log,3,0.28859134064294034,0.010196034004305923,False,0.055113108326062234,0.0,False,50,14,0.28,932
ten_percent,5,0.13548203251383975,-0.03400326920375373,False,-0.08366304206356044,-0.02454314759800177,False,50,28,0.56,932
original,50,0.06948999721158085,,True,,,True,50,50,1.0,932
half,25,0.08566308319548042,-0.10394383930128556,False,-0.09969488967090219,-0.08571428571428572,False,50,49,0.98,931
sqrt,7,0.10217153726816462,-0.0289185639208905,False,-0.12983937793147096,-0.019476824194835863,False,50,24,0.48,931
log,3,0.2560841749065026,0.054092268275312154,False,0.03255907702871827,0.03160636481443445,False,50,10,0.2,931
ten_percent,5,0.13424129291028916,0.01641075949264477,False,-0.016736707382815425,0.011878277418329974,False,50,14,0.28,931
original,50,0.08628803036351684,,True,,,True,50,50,1.0,931
half,25,0.0826149619683537,0.12374266583486376,False,0.09344436640684443,0.10204081632653061,False,50,49,0.98,930
sqrt,7,0.08133128645604931,-0.0885734812240577,False,0.02486247097469861,-0.06888728927029748,False,50,29,0.58,930
log,3,0.18576762092006724,0.012526556062432989,False,0.03778315943572547,0.003393793548094278,False,50,14,0.28,930
ten_percent,5,0.10398201646920707,-0.007734448847033342,False,0.018433735588844057,-0.013452103298021666,False,50,21,0.42,930
original,50,0.0666621085700603,,True,,,True,50,50,1.0,930
half,25,0.07018548340248636,,True,,,True,50,50,1.0,935
sqrt,7,0.09079737524375153,0.19033625458306616,False,0.0018077534283774807,0.1280822520536676,False,50,30,0.6,935
log,3,0.18513190973610333,0.1699586124624122,False,0.13299823478274053,0.12504792974494422,False,50,12,0.24,935
ten_percent,5,0.11638477560770515,0.14191990051616557,False,0.06419394015725093,0.1012987012987013,False,50,17,0.34,935
original,50,0.07018548340248636,,True,,,True,50,50,1.0,935
half,25,0.08700645617114049,,True,,,True,50,50,1.0,934
sqrt,7,0.0994212845780326,0.09441880819169994,False,0.02526470000225152,0.07344966707624588,False,50,27,0.54,934
log,3,0.1918316343852343,0.11320458907266302,False,0.08336836940367143,0.09522344209619173,False,50,11,0.22,934
ten_percent,5,0.12373894386053229,0.03637892402476786,False,0.022469761873181504,0.032859693242753917,False,50,20,0.4,934
original,50,0.08662079650751725,-0.14354149236844196,False,-0.1336546950666104,-0.11836734693877551,False,50,49,0.98,934
half,25,0.08324287793962386,,True,,,True,50,50,1.0,933
sqrt,7,0.10991458117853459,-0.04362753183150494,False,-0.059703330579370016,-0.03938299643454349,False,50,31,0.62,933
log,3,0.203492295298963,0.006412006845469267,False,0.03749703751012239,0.0033269857699404688,False,50,10,0.2,933
ten_percent,5,0.124851543815527,0.05433209703629132,False,0.017175044634825817,0.04380952380952381,False,50,26,0.52,933
original,50,0.10217104250423123,-0.14354149236844196,False,-0.13651978143012022,-0.11836734693877551,False,50,49,0.98,933
half,25,0.06633337703185442,,True,,,True,50,50,1.0,928
sqrt,7,0.0913941222235268,-0.1543193276007205,False,-0.01177720135580795,-0.12229456787568768,False,50,31,0.62,928
log,3,0.22923683921201735,-0.010299056743810469,False,0.07794340659089284,-0.019302700564655818,False,50,12,0.24,928
ten_percent,5,0.12143290704040713,-0.0680728767242892,False,0.002352733810717267,-0.05256137974620282,False,50,22,0.44,928
original,50,0.06633337703185442,,True,,,True,50,50,1.0,928
half,25,0.07836738118702317,,True,,,True,50,50,1.0,936
sqrt,7,0.08747380043587233,-0.06640407430091609,False,0.06224706351122805,-0.05803810000880094,False,50,31,0.62,936
log,3,0.19966836909642866,0.15342358644749252,False,0.18809425782134556,0.11895134563629493,False,50,13,0.26,936
ten_percent,5,0.12243854225527247,-0.04067945875491463,False,0.15024443275343966,-0.045445923121283684,False,50,24,0.48,936
original,50,0.07836738118702317,,True,,,True,50,50,1.0,936
half,25,0.07310282037996671,,True,,,True,48,48,1.0,938
sqrt,7,0.0856031163869041,0.07699651626853102,False,0.07687571238848001,0.06184873194696446,False,50,28,0.56,938
log,3,0.1657039413449764,0.13956847254664537,False,0.16252986736816097,0.09532980182199524,False,50,13,0.26,938
ten_percent,5,0.1339934927926865,0.19933450990689602,False,0.20587339329446483,0.14632034632034632,False,50,17,0.34,938
original,50,0.07221461497812048,,True,,,True,50,50,1.0,938
half,25,0.0782631328139916,,True,,,True,50,50,1.0,939
sqrt,7,0.08202355407074378,0.07242704061931551,False,-0.005404748322050175,0.06106248099913271,False,50,25,0.5,939
log,3,0.23654696664948774,-0.15723638959589123,False,-0.154505684795814,-0.09860251439617607,False,50,9,0.18,939
ten_percent,5,0.1157433758270923,-0.15338291517005512,False,-0.1953079976998661,-0.09948083326156282,False,50,18,0.36,939
original,50,0.0782631328139916,,True,,,True,50,50,1.0,939
half,25,0.08554170621293235,,True,,,True,50,50,1.0,940
sqrt,7,0.11050465729095191,0.020381702028068893,False,-0.040881328064458454,0.021749536446704614,False,50,22,0.44,940
log,3,0.2818882690267966,0.2050223000737746,False,0.18784250072868425,0.13141933133167288,False,50,6,0.12,940
ten_percent,5,0.1482439019577296,0.10584811711784091,False,0.10885360514352038,0.09024852563942802,False,50,16,0.32,940
original,50,0.08554170621293235,,True,,,True,50,50,1.0,940
half,25,0.09274667454168459,0.24112142314107737,False,0.2010673066374127,0.20016824398348493,False,50,48,0.96,937
sqrt,7,0.08575255381132131,0.08782779997444,False,0.09525920764304249,0.054120807319339076,False,50,27,0.54,937
log,3,0.37737651300035213,0.04316036335775921,False,0.03214502694736961,0.023948751539237603,False,50,8,0.16,937
ten_percent,5,0.11816403454287126,0.12043435692576628,False,0.13922536929311502,0.08202805549637636,False,50,18,0.36,937
original,50,0.0793339348060636,,True,,,True,50,50,1.0,937
half,25,0.08113787476760509,,True,,,True,50,50,1.0,941
sqrt,7,0.09287325962404668,-0.032210750775595806,False,-0.048385362833483415,-0.016264412959195885,False,50,30,0.6,941
log,3,0.2909239164009269,0.08415237867538193,False,0.08505300224481703,0.06735240730748236,False,50,6,0.12,941
ten_percent,5,0.1367033883850921,0.03669683415354389,False,0.050168812566804895,0.02816187902325474,False,50,19,0.38,941
original,50,0.08113787476760509,,True,,,True,50,50,1.0,941
half,25,0.08909906799132773,,True,,,True,50,50,1.0,942
sqrt,7,0.10203874734605883,0.06888426924239846,False,-0.014506827351758594,0.05302878133549991,False,50,33,0.66,942
log,3,0.1976750661510566,0.04696997211308242,False,0.08220994219530124,0.04224281853488211,False,50,19,0.38,942
ten_percent,5,0.11981845957426518,0.04289344084763684,False,-0.02983406572006328,0.03252882591839177,False,50,30,0.6,942
original,50,0.08909906799132773,,True,,,True,50,50,1.0,942
half,25,0.07168166708456321,0.24253562503633297,False,0.4079249217969172,0.19999999999999998,False,50,49,0.98,945
sqrt,7,0.0759242042208951,0.1559564296811676,False,0.20943654646507476,0.11385089071437121,False,50,30,0.6,945
log,3,0.27623541697810955,-0.05508163587714649,False,-0.004362296334427172,-0.04677642769637489,False,50,11,0.22,945
ten_percent,5,0.15202821775431802,-0.0026555554405844747,False,0.03519696527630165,0.01745277776518646,False,50,18,0.36,945
original,50,0.07197395604748523,,True,,,True,50,50,1.0,945
half,25,0.06380346953446037,,True,,,True,49,49,1.0,943
sqrt,7,0.08922784792843648,-0.04056066482002973,False,0.027265267321594226,-0.032396954829362334,False,50,28,0.56,943
log,3,0.2596723946387791,-0.23910547107756927,False,-0.1671348539088347,-0.15703515012354424,False,50,11,0.22,943
ten_percent,5,0.13871809026310739,-0.030473683274208043,False,-0.010650521849732263,-0.01408093951162737,False,50,19,0.38,943
original,50,0.06260969588008043,,True,,,True,50,50,1.0,943
half,25,0.08987373087432012,,True,,,True,49,49,1.0,947
sqrt,7,0.09524132913953881,-0.009110111330471541,False,0.06431669665646625,-0.008132206479597942,False,50,30,0.6,947
log,3,0.29513975903930645,0.12881073786624925,False,0.17086499083314005,0.09819199852455351,False,50,12,0.24,947
ten_percent,5,0.1437852097149984,-0.08627652939690741,False,-0.004069654746236157,-0.04932437875941278,False,50,21,0.42,947
original,50,0.11064172192021171,-0.23263621176954388,False,-0.21028732276683954,-0.19183673469387755,False,50,49,0.98,947
half,25,0.09321139770310644,-0.0642047660446036,False,-0.07724093323339733,-0.05511879182153932,False,50,48,0.96,946
sqrt,7,0.1026762482341287,0.059811394562505574,False,0.022789784232426225,0.033442231340115,False,50,19,0.38,946
log,3,0.3831289824389964,0.09765840461372528,False,0.13887991469852665,0.0576390417704235,False,50,7,0.14,946
ten_percent,5,0.16466361723303113,0.07620312645465921,False,0.11130318539872827,0.027839676638281793,False,50,13,0.26,946
original,50,0.076746455632924,,True,,,True,50,50,1.0,946
half,25,0.0949713068507026,0.18978589434329962,False,0.05933446238876495,0.1537524192916623,False,50,48,0.96,944
sqrt,7,0.07796487165141511,0.2018820345540524,False,0.10144452303846653,0.13621630376729604,False,50,25,0.5,944
log,3,0.22653246652332565,0.08852246326630638,False,0.10484779328451026,0.052698552475815764,False,50,7,0.14,944
ten_percent,5,0.1123106369601099,0.21281916167743012,False,0.1310040979629907,0.1401000921831121,False,50,16,0.32,944
original,50,0.07953579955213363,,True,,,True,50,50,1.0,944
half,25,0.06254706442351388,-0.06434618623412916,False,-0.0863186332135416,-0.05306122448979592,False,50,49,0.98,950
sqrt,7,0.0592440953164294,0.23336792758071448,False,0.24090640109079026,0.17883597883597882,False,50,32,0.64,950
log,3,0.18541177665082237,0.03199612575636954,False,-0.01872296382784591,0.005090690322141417,False,50,14,0.28,950
ten_percent,5,0.09334395630966857,0.17855033019941066,False,0.13368953310329826,0.11913576983277992,False,50,23,0.46,950
original,50,0.06262833507180934,,True,,,True,50,50,1.0,950
half,25,0.07856772626873598,,True,,,True,50,50,1.0,948
sqrt,7,0.09897151925454352,-0.036077461396161976,False,-0.04477730630284494,-0.02062655839029989,False,50,21,0.42,948
log,3,0.20915889039824687,-0.11369892822116502,False,-0.10428718840998588,-0.078452806766468,False,50,8,0.16,948
ten_percent,5,0.1364701157012978,-0.04125537775118799,False,-0.028758787383320848,-0.03867793955975487,False,50,16,0.32,948
original,50,0.07856772626873598,,True,,,True,50,50,1.0,948
half,25,0.0795091926630418,,True,,,True,50,50,1.0,952
sqrt,7,0.09197995836004086,-0.17589304245495263,False,-0.06590634627729863,-0.14857142857142858,False,50,26,0.52,952
log,3,0.20178149733041534,-0.03202517582887218,False,0.013456930537685053,-0.02900073952828708,False,50,9,0.18,952
ten_percent,5,0.13596129559334372,-0.24322827271755687,False,-0.21344488998830824,-0.1722943722943723,False,50,17,0.34,952
original,50,0.0795091926630418,,True,,,True,50,50,1.0,952
half,25,0.07028781571720584,0.15344090563523108,False,0.1149190288630087,0.12653061224489795,False,50,49,0.98,949
sqrt,7,0.0775784959439622,0.30053885388100093,False,0.267270226351409,0.21324897210466345,False,50,25,0.5,949
log,3,0.20422611618794637,0.4593985957178695,False,0.4475370994962973,0.3110731694894338,False,50,10,0.2,949
ten_percent,5,0.12172804372210905,0.3730998324468922,False,0.32442396578209753,0.26276441775468995,False,50,21,0.42,949
original,50,0.0866512268575495,0.10394383930128556,False,0.07915483099481083,0.08571428571428572,False,50,49,0.98,949
half,25,0.07012436427716068,,True,,,True,49,49,1.0,951
sqrt,7,0.10083759180309473,0.187602020883974,False,0.1745871602614288,0.14680937101525615,False,50,22,0.44,951
log,3,0.2498290679687469,0.28766999841535135,False,0.21283482239721097,0.210493924633687,False,50,11,0.22,951
ten_percent,5,0.13457184244429993,0.1737056399545532,False,0.1785016459535877,0.13765547169261777,False,50,20,0.4,951
original,50,0.06988740018836298,,True,,,True,50,50,1.0,951
half,25,0.07650744409861318,,True,,,True,50,50,1.0,953
sqrt,7,0.08676237284212095,-0.05124287380783417,False,-0.002632536864915368,-0.05006802109992361,False,50,28,0.56,953
log,3,0.24819838537679195,-0.17518066940293583,False,-0.13386089153778602,-0.12001244264112094,False,50,12,0.24,953
ten_percent,5,0.09693332061436331,-0.021606557101712498,False,0.10726780336680092,-0.027801013482578112,False,50,21,0.42,953
original,50,0.07760847580188547,,True,,,True,49,49,1.0,953
half,25,0.07074840836352321,,True,,,True,50,50,1.0,955
sqrt,7,0.10143745368685693,-0.23825506853501222,False,-0.29651499263043146,-0.18124613705587178,False,50,22,0.44,955
log,3,0.22446262686481563,-0.1845743075143415,False,-0.2012199014558996,-0.1180921196589992,False,50,8,0.16,955
ten_percent,5,0.14540174610819917,-0.3036676823260951,False,-0.3510451491506281,-0.23037666650046126,False,50,18,0.36,955
original,50,0.07074840836352321,,True,,,True,50,50,1.0,955
half,25,0.07960875001386808,-0.19303855870238745,False,-0.1589015954768625,-0.15918367346938775,False,50,49,0.98,956
sqrt,7,0.08146346338530625,-0.06787237290059682,False,-0.0961153103389262,-0.05681859792024888,False,50,23,0.46,956
log,3,0.21530942090776953,-0.20287011132131336,False,-0.22358425719107516,-0.1413968952224699,False,50,10,0.2,956
ten_percent,5,0.10850861218702856,-0.10650637238356321,False,-0.17841641645375636,-0.1003552793630052,False,50,20,0.4,956
original,50,0.07944969647444132,,True,,,True,50,50,1.0,956
half,25,0.08129950389544234,,True,,,True,49,49,1.0,957
sqrt,7,0.08627656224647211,0.06672274799449497,False,-0.03938877401636079,0.055193221390010115,False,50,33,0.66,957
log,3,0.13235014829074582,0.1586697101241512,False,0.26740300015897517,0.10860139353901689,False,50,14,0.28,957
ten_percent,5,0.10094606833780968,0.1055736314142567,False,0.1332453229229777,0.06781574590481318,False,50,23,0.46,957
original,50,0.08233100623258852,,True,,,True,50,50,1.0,957
half,25,0.06194818327461395,,True,,,True,50,50,1.0,954
sqrt,7,0.10331245935937318,0.2538087550650243,False,0.28785597100047194,0.17673186365697377,False,50,20,0.4,954
log,3,0.39456058769318725,-0.19449724528799012,False,-0.07951923075617395,-0.14291852282319428,False,50,6,0.12,954
ten_percent,5,0.1784338177651091,0.18094003643239168,False,0.16096415841407966,0.1307621175434448,False,50,13,0.26,954
original,50,0.06353530963357115,,True,,,True,41,41,1.0,954
half,25,0.08161279983647592,,True,,,True,49,49,1.0,959
sqrt,7,0.0985885930376284,0.024446853957225456,False,0.07233686601772862,0.019047619047619046,False,50,26,0.52,959
log,3,0.20732819105501754,0.2034182631806192,False,0.24183792461300047,0.14763464883937316,False,50,13,0.26,959
ten_percent,5,0.12674767852424706,0.22892305020413986,False,0.24223373549912613,0.1566504520668545,False,50,19,0.38,959
original,50,0.07957642580418499,,True,,,True,49,49,1.0,959
half,25,0.09646748367202354,-0.08414501276770736,False,-0.07339109341548347,-0.06938775510204082,False,50,49,0.98,958
sqrt,7,0.08663361882746815,0.03231103807697284,False,-0.030191454908685408,0.02650659940584191,False,50,28,0.56,958
log,3,0.24581584384619895,0.02428226366889104,False,0.05105369031281665,0.021717627144745483,False,50,11,0.22,958
ten_percent,5,0.13201631634212074,0.06372187856555855,False,0.0342613735934476,0.03676908234792589,False,50,21,0.42,958
original,50,0.0966207682358517,-0.09404442603449646,False,-0.08444212604497017,-0.07755102040816327,False,50,49,0.98,958
half,25,0.08489527046792844,0.04454735970055096,False,-0.0007898204311597974,0.03673469387755102,False,50,49,0.98,960
sqrt,7,0.07644461755639922,0.3461141476494062,False,0.3146102465597854,0.2523035573074582,False,50,28,0.56,960
log,3,0.2634879070205022,0.16574520960291042,False,0.21965187364651417,0.11033759424623928,False,50,7,0.14,960
ten_percent,5,0.12253582187959447,0.24022941346768817,False,0.20346389833522238,0.17976361098142055,False,50,18,0.36,960
original,50,0.07883549578055069,,True,,,True,50,50,1.0,960
half,25,0.0635548253408113,,True,,,True,50,50,1.0,967
sqrt,7,0.07641567729006868,-0.04965810656367784,False,0.07590449418179329,-0.03787770095392851,False,50,33,0.66,967
log,3,0.3031604103136944,-0.07063201619015005,False,-0.12060160446655327,-0.05463902214100085,False,50,15,0.3,967
ten_percent,5,0.1197863979183985,-0.09975438627233896,False,-0.06070226165479949,-0.06765100914917384,False,50,27,0.54,967
original,50,0.0635548253408113,,True,,,True,50,50,1.0,967
half,25,0.07038402714452183,,True,,,True,50,50,1.0,961
sqrt,7,0.07787196376581357,0.35947196658514735,False,0.2684265421179621,0.28163176218486935,False,50,34,0.68,961
log,3,0.24629672042270864,0.05682989313891459,False,0.07860265043004948,0.04383499816772218,False,50,16,0.32,961
ten_percent,5,0.11730233923881517,0.19267435745948872,False,0.2190340241442811,0.14285714285714285,False,50,26,0.52,961
original,50,0.07038402714452183,,True,,,True,50,50,1.0,961
half,25,0.08785794530396444,,True,,,True,50,50,1.0,965
sqrt,7,0.09702021103645325,0.17827557483213985,False,0.1259063433611511,0.13523809523809524,False,50,26,0.52,965
log,3,0.3805751641088525,0.145904412706175,False,0.1990279725532034,0.1008205188536534,False,50,5,0.1,965
ten_percent,5,0.17326461694551015,-0.05570696569716628,False,-0.09589708138878093,-0.0489920567756895,False,50,16,0.32,965
original,50,0.08785794530396444,,True,,,True,50,50,1.0,965
half,25,0.07435931150482854,,True,,,True,50,50,1.0,962
sqrt,7,0.08128331695819294,0.15500102112127456,False,0.06272672018794782,0.11534391534391535,False,50,32,0.64,962
log,3,0.20984725416051409,0.3021524618361611,False,0.2540999591036988,0.2238586182612227,False,50,11,0.22,962
ten_percent,5,0.09965210689974528,0.2897113359704078,False,0.30969067080866347,0.21024551898481128,False,50,22,0.44,962
original,50,0.07354294227964239,,True,,,True,49,49,1.0,962
half,25,0.07452532673804457,,True,,,True,50,50,1.0,968
sqrt,7,0.07834204253905559,0.3474970474850796,False,0.36127834442122686,0.2805409896370086,False,50,29,0.58,968
log,3,0.20236514015726545,0.2509842679512256,False,0.2964212885183231,0.17633024580684484,False,50,10,0.2,968
ten_percent,5,0.11205191695286733,0.2777204555119479,False,0.36181594904309283,0.19537303572382975,False,50,19,0.38,968
original,50,0.07452532673804457,,True,,,True,50,50,1.0,968
half,25,0.07917593957727626,,True,,,True,50,50,1.0,964
sqrt,7,0.08027840409261257,0.14683717838371588,False,0.061025630602516256,0.10571225358745884,False,50,31,0.62,964
log,3,0.24487308400370622,-0.06825823596606155,False,0.006940663351268994,-0.04808671419339582,False,50,13,0.26,964
ten_percent,5,0.12934077496580312,0.12651454864107511,False,0.08968526500540519,0.09049588042103265,False,50,15,0.3,964
original,50,0.07917593957727626,,True,,,True,50,50,1.0,964
half,25,0.09509994614865634,0.16334031890202017,False,0.17289800381153791,0.1346938775510204,False,50,49,0.98,966
sqrt,7,0.08829580436280096,0.2871987398152863,False,0.3371660282971909,0.21333333333333335,False,50,26,0.52,966
log,3,0.2426153357204407,0.15603312728768254,False,0.1911279779640516,0.09819199852455351,False,50,12,0.24,966
ten_percent,5,0.10830619409772367,0.40251351443609945,False,0.43950803116386744,0.30086858751274714,False,50,22,0.44,966
original,50,0.08107204941663396,,True,,,True,50,50,1.0,966
half,25,0.09236535820431242,0.2252823619142148,False,0.0897395181465358,0.18276230972405144,False,50,48,0.96,963
sqrt,7,0.09555370440090181,-0.06233290487401651,False,-0.05799429781197712,-0.0414557857205721,False,50,31,0.62,963
log,3,0.3658234245552561,0.00442670393412915,False,-0.08047316126977584,-0.012387285278916,False,50,8,0.16,963
ten_percent,5,0.14613106838479348,0.04560061872143146,False,0.0418054542377653,0.033520880951787554,False,50,16,0.32,963
original,50,0.07699227901226881,,True,,,True,50,50,1.0,963
half,25,0.06913659854313642,,True,,,True,50,50,1.0,971
sqrt,7,0.08531093668337167,-0.16636747265164736,False,-0.17878439859218126,-0.12271573799000886,False,50,28,0.56,971
log,3,0.24582283332245347,-0.16319280580386067,False,-0.17878911878117593,-0.12808895214270805,False,50,10,0.2,971
ten_percent,5,0.13688224858001832,-0.13445835541629791,False,-0.15316418168466825,-0.09540558424739534,False,50,16,0.32,971
original,50,0.06913659854313642,,True,,,True,50,50,1.0,971
half,25,0.06810974021424579,,True,,,True,50,50,1.0,969
sqrt,7,0.10362719570328537,-0.03257544919053235,False,-0.029766799163113047,-0.020616243982321484,False,50,28,0.56,969
log,3,0.2556886368889831,-0.11822517639187707,False,-0.03681395456260662,-0.07016464154456233,False,50,11,0.22,969
ten_percent,5,0.1292813070965535,-0.04280558439821706,False,-0.05467659222822882,-0.0329914439536929,False,50,23,0.46,969
original,50,0.06810974021424579,,True,,,True,50,50,1.0,969
half,25,0.07387389058033055,,True,,,True,50,50,1.0,970
sqrt,7,0.09731989814912108,0.05516080395009557,False,-0.07560831944923707,0.02857142857142857,False,50,26,0.52,970
log,3,0.2848528390008692,0.04469120560714293,False,-0.012533245608689717,0.023288900389583284,False,50,10,0.2,970
ten_percent,5,0.13376734811988109,0.09705151966583275,False,-0.05174744449089397,0.06160411036336975,False,50,19,0.38,970
original,50,0.07387389058033055,,True,,,True,50,50,1.0,970
half,25,0.09441928462133685,-0.15344090563523108,False,-0.15987535836933234,-0.12653061224489795,False,50,49,0.98,972
sqrt,7,0.0711389293695922,0.01583060501080761,False,0.2376355543637167,0.007792207792207792,False,50,39,0.78,972
log,3,0.1543498646687191,0.2506438672385132,False,0.3021211267777404,0.1809917608420653,False,50,15,0.3,972
ten_percent,5,0.0882373158080259,0.1655598492668866,False,0.2722184538928688,0.12757047439558494,False,50,27,0.54,972
original,50,0.07529217581657216,,True,,,True,50,50,1.0,972
half,25,0.07930588955206237,,True,,,True,50,50,1.0,973
sqrt,7,0.10738309026760645,0.06948958506204068,False,0.05388352351399416,0.049487165930539354,False,50,23,0.46,973
log,3,0.2816817638354074,-0.07376218401178931,False,-0.06843607804136827,-0.06653971539880937,False,50,10,0.2,973
ten_percent,5,0.1954413137038614,0.05534707264521062,False,0.05928042739567034,0.025612041628594148,False,50,15,0.3,973
original,50,0.07930588955206237,,True,,,True,50,50,1.0,973
half,25,0.064229640761863,,True,,,True,50,50,1.0,975
sqrt,7,0.0824262981612995,0.21821125682630194,False,0.2502290316556817,0.16770288778200346,False,50,21,0.42,975
log,3,0.2948035115984034,-0.053951483526188504,False,-0.0036563564984104296,-0.04672170385901011,False,50,5,0.1,975
ten_percent,5,0.16012527512702654,0.13482091603516627,False,0.10938495507508916,0.09532980182199524,False,50,13,0.26,975
original,50,0.064229640761863,,True,,,True,50,50,1.0,975
half,25,0.05902575200629067,-0.16334031890202017,False,-0.15286331369882455,-0.1346938775510204,False,50,49,0.98,982
sqrt,7,0.08737930289487476,-0.05614113704171392,False,-0.12109754194655284,-0.04692322602469538,False,50,29,0.58,982
log,3,0.19838824785982034,0.07704258709038421,False,0.1821837085156676,0.0489920567756895,False,50,16,0.32,982
ten_percent,5,0.12676591330977516,0.0747402321054001,False,0.17738535295279487,0.045445923121283684,False,50,24,0.48,982
original,50,0.05857681873772323,,True,,,True,50,50,1.0,982
half,25,0.07563920302554134,,True,,,True,50,50,1.0,974
sqrt,7,0.09476517419532322,-0.036145926016877925,False,-0.0402136754337692,-0.028993289635360214,False,50,27,0.54,974
log,3,0.29648976083773126,0.001595628509604439,False,0.03852416952706073,0.012588717759558141,False,50,12,0.24,974
ten_percent,5,0.14039500366759036,0.023163950495305632,False,0.07811478790539396,0.022881526706394477,False,50,19,0.38,974
original,50,0.07563920302554134,,True,,,True,50,50,1.0,974
half,25,0.09936865698072497,0.03973907325668196,False,-0.05753343235829417,0.031910879475628026,False,50,48,0.96,977
sqrt,7,0.09879918309610825,0.0951139004383755,False,0.10402276524449412,0.0874212196556779,False,50,30,0.6,977
log,3,0.4052012088571233,0.053613550538800445,False,-0.006676117908270354,0.039523914356861825,False,50,7,0.14,977
ten_percent,5,0.16983226124774903,0.022730623742624394,False,0.057766923519919765,0.01687389653006282,False,50,20,0.4,977
original,50,0.08400995831044858,,True,,,True,50,50,1.0,977
half,25,0.06919053907447052,,True,,,True,50,50,1.0,978
sqrt,7,0.0812746750628979,-0.013861348421166736,False,-0.007760231186650399,-0.008985298600473585,False,50,29,0.58,978
log,3,0.16288798295170948,0.1709049509293183,False,0.0970922539178195,0.12047967095734687,False,50,14,0.28,978
ten_percent,5,0.10565639471259587,0.10384121323017022,False,0.05224294108737515,0.0690541302631779,False,50,21,0.42,978
original,50,0.06919053907447052,,True,,,True,50,50,1.0,978
half,25,0.07857770099317535,,True,,,True,50,50,1.0,976
sqrt,7,0.09804845043443068,-0.07163135386195509,False,-0.07354242957107006,-0.05142857142857143,False,50,26,0.52,976
log,3,0.25597236480298763,0.03649540738361079,False,0.08240923709615304,0.029942871929464217,False,50,10,0.2,976
ten_percent,5,0.1175140228656948,0.07196376512402919,False,0.06419137529738937,0.047069290320701555,False,50,20,0.4,976
original,50,0.07857770099317535,,True,,,True,50,50,1.0,976
half,25,0.07572428156969137,,True,,,True,50,50,1.0,979
sqrt,7,0.07703291769385691,-0.03232915727409154,False,-0.040010324842096434,-0.02413533689999773,False,50,41,0.82,979
log,3,0.23216010521041214,-0.0746236256509304,False,-0.06671469171390892,-0.0580539610248134,False,50,15,0.3,979
ten_percent,5,0.11363770404991003,0.04464658498120411,False,-0.015157540722623921,0.03238095238095238,False,50,26,0.52,979
original,50,0.07572428156969137,,True,,,True,50,50,1.0,979
half,25,0.07802310213183267,,True,,,True,49,49,1.0,984
sqrt,7,0.10392126040946792,-0.09973205543358903,False,-0.060870267297324386,-0.06697401911989477,False,49,26,0.5306122448979592,984
log,3,0.2837214944958909,0.110546854862113,False,0.1120284814756503,0.06820320828377961,False,50,10,0.2,984
ten_percent,5,0.139243049529156,0.005927617522421829,False,-0.023474437607858705,-0.0008658008658008658,False,50,17,0.34,984
original,50,0.07708237419017891,,True,,,True,50,50,1.0,984
half,25,0.08586096438559443,,True,,,True,50,50,1.0,981
sqrt,7,0.110922746127815,0.18692520324497172,False,0.17032585029161357,0.13142857142857142,False,50,26,0.52,981
log,3,0.38470798981259313,0.01888061712002857,False,0.011590022323010377,0.022131333406899528,False,50,5,0.1,981
ten_percent,5,0.15078362525004715,0.3424791247871984,False,0.2997552584666907,0.23982683982683983,False,50,17,0.34,981
original,50,0.08586096438559443,,True,,,True,50,50,1.0,981
half,25,0.08071941930549337,,True,,,True,50,50,1.0,983
sqrt,7,0.08172011045407611,0.30836502730751864,False,0.33445277144236946,0.23387920305857243,False,50,27,0.54,983
log,3,0.2807998028302912,0.13348003786179669,False,0.10296420197396752,0.09856461550307566,False,50,11,0.22,983
ten_percent,5,0.1269912200580891,0.21772761213732142,False,0.2105486273277714,0.16607466584851302,False,50,20,0.4,983
original,50,0.0806686335868007,,True,,,True,49,49,1.0,983
half,25,0.06949308685040728,,True,,,True,50,50,1.0,987
sqrt,7,0.09140267500373543,0.09039311769633442,False,0.07647431187061608,0.07088402229262494,False,50,29,0.58,987
log,3,0.31903347398639176,0.18816588509674095,False,0.274540203998222,0.13973340233749967,False,50,10,0.2,987
ten_percent,5,0.11360688723656157,0.18316828030029106,False,0.1392992575444105,0.12554112554112556,False,50,17,0.34,987
original,50,0.06949308685040728,,True,,,True,50,50,1.0,987
half,25,0.08614056305782695,,True,,,True,50,50,1.0,985
sqrt,7,0.11028655118782997,0.08520142957549973,False,0.12119340371505836,0.05904761904761904,False,50,26,0.52,985
log,3,0.3240569214968951,0.08896712580657389,False,0.15944904355298128,0.052026598171447204,False,50,8,0.16,985
ten_percent,5,0.15009801203895173,0.165434416307591,False,0.12319740086092414,0.10303030303030303,False,50,17,0.34,985
original,50,0.08882574869146893,-0.06434618623412916,False,-0.07250331097060897,-0.05306122448979592,False,50,49,0.98,985
half,25,0.07625446282310558,,True,,,True,50,50,1.0,986
sqrt,7,0.07231827280902418,0.5018562552339106,False,0.39680968744907835,0.3504046986565615,False,50,25,0.5,986
log,3,0.22347409127126633,0.426129516822543,False,0.40257552075996333,0.2996114826774838,False,50,12,0.24,986
ten_percent,5,0.11761743360124781,0.48466491729303657,False,0.4225627441252632,0.33970266571801033,False,50,19,0.38,986
original,50,0.07202957937776877,,True,,,True,44,44,1.0,986
half,25,0.08559836155039424,0.030618621784789725,False,0.01582682169931039,0.025253813613805267,False,49,48,0.9795918367346939,980
sqrt,7,0.0962527384232651,-0.14515910954679634,False,-0.24844613828912082,-0.11404027256575018,False,50,27,0.54,980
log,3,0.17039563510445888,0.02582105528191555,False,0.02435154980523229,0.03623025482712334,False,50,7,0.14,980
ten_percent,5,0.1064113055103169,-0.08184017151001666,False,-0.15767912469993053,-0.06305508703339265,False,50,20,0.4,980
original,50,0.07932696838628497,,True,,,True,50,50,1.0,980
half,25,0.08771716808394898,,True,,,True,50,50,1.0,988
sqrt,7,0.10374669787727933,0.02836064420140843,False,-0.03462088293651913,0.020330516198994855,False,50,30,0.6,988
log,3,0.34046578628414453,0.23087837073474288,False,0.2017197799809147,0.13470481461496472,False,50,6,0.12,988
ten_percent,5,0.15605858199223355,0.032745627246029065,False,-0.00654254080768274,0.03168211390116158,False,50,19,0.38,988
original,50,0.08771716808394898,,True,,,True,50,50,1.0,988
half,25,0.07551420721806366,,True,,,True,50,50,1.0,989
sqrt,7,0.10087790716438803,-0.11940026381321615,False,-0.19524572521031974,-0.09284808553822704,False,50,29,0.58,989
log,3,0.21857206588257763,-0.06016680107628304,False,-0.05924038048584065,-0.02162540750461305,False,50,10,0.2,989
ten_percent,5,0.12661141633092243,-0.08645577851452335,False,-0.16683581881043721,-0.08259328301557065,False,50,20,0.4,989
original,50,0.07551420721806366,,True,,,True,50,50,1.0,989
half,25,0.07302041923706751,,True,,,True,50,50,1.0,994
sqrt,7,0.07629927040046602,0.16308108994050902,False,0.11120216439127359,0.12445530313433653,False,50,33,0.66,994
log,3,0.2356817465229714,0.11050558758952514,False,0.14841410716309233,0.07636035483212127,False,50,14,0.28,994
ten_percent,5,0.10327723928660078,0.25843542239307077,False,0.20971328795416275,0.18947309945657365,False,50,28,0.56,994
original,50,0.07302041923706751,,True,,,True,50,50,1.0,994
half,25,0.07761728819297993,,True,,,True,50,50,1.0,993
sqrt,7,0.10410047839482534,-0.16626648967426153,False,-0.19450591717039323,-0.13311306335237733,False,50,33,0.66,993
log,3,0.2455216762277108,-0.1246940100531721,False,-0.07395563151382363,-0.09355285539274978,False,50,11,0.22,993
ten_percent,5,0.12499231079063655,-0.05705726657094104,False,-0.12499815667908089,-0.036657159948547666,False,50,23,0.46,993
original,50,0.07761728819297993,,True,,,True,50,50,1.0,993
half,25,0.08391696499511009,-0.0816496580927726,False,-0.0828009708828385,-0.06734350297014738,False,49,48,0.9795918367346939,995
sqrt,7,0.11156281305161117,-0.24082145487276263,False,-0.22023855156410263,-0.16671023283175784,False,50,30,0.6,995
log,3,0.2573239571802175,0.060053654816021616,False,-0.033848415795339544,0.026016683369753494,False,50,12,0.24,995
ten_percent,5,0.17758814400723655,-0.1359742739484458,False,-0.20487068512333995,-0.09424499993200688,False,50,18,0.36,995
original,50,0.0824417423596244,,True,,,True,50,50,1.0,995
half,25,0.08869322629244902,,True,,,True,50,50,1.0,991
sqrt,7,0.10031722839720464,0.0031302045376095833,False,-0.041343037631750144,0.0031746031746031746,False,50,32,0.64,991
log,3,0.19244626700191667,0.019422587498187368,False,0.004841480281291644,-0.008537347209531383,False,50,15,0.3,991
ten_percent,5,0.1228237340809447,0.04765403560256989,False,0.011442012134420872,0.03285906158674158,False,50,27,0.54,991
original,50,0.10350266602649652,0.11384325256807468,False,0.09383899541382286,0.09387755102040816,False,50,49,0.98,991
half,25,0.07468133186442998,-0.11384325256807468,False,-0.08820419671615377,-0.09387755102040816,False,50,49,0.98,990
sqrt,7,0.08910037693911325,0.019143364621708944,False,-0.10173851339538433,0.01276243675096092,False,50,28,0.56,990
log,3,0.19850009205697108,0.24653980230025163,False,0.20396726699431128,0.16538808364075408,False,50,11,0.22,990
ten_percent,5,0.1416712609121811,0.1087397306115503,False,0.07908912316358835,0.07904088374608374,False,50,20,0.4,990
original,50,0.07479558159208183,,True,,,True,50,50,1.0,990
half,25,0.10225294220365334,0.13321781853307618,False,0.09749594383399764,0.10733659459983974,False,50,48,0.96,996
sqrt,7,0.10417271389720494,-0.01637436283314079,False,-0.0792441073460462,-0.02160672404584696,False,50,25,0.5,996
log,3,0.2586589183122513,-0.014607805069001412,False,-0.011956165214498693,-0.0066539715398809375,False,50,10,0.2,996
ten_percent,5,0.13522664867188136,-0.06973040689604208,False,-0.12297731383031589,-0.057726488129162284,False,50,20,0.4,996
original,50,0.07897034607976085,,True,,,True,50,50,1.0,996
half,25,0.07492839489334059,,True,,,True,50,50,1.0,997
sqrt,7,0.07394987198708834,0.17539405200375063,False,0.08532475110445993,0.12563758841989428,False,50,27,0.54,997
log,3,0.2563547958193735,0.25345639155993127,False,0.17650691230551657,0.16986147437996715,False,50,9,0.18,997
ten_percent,5,0.11106522701902305,0.20919122068812623,False,0.11265181642458684,0.1554174680400523,False,50,20,0.4,997
original,50,0.07492839489334059,,True,,,True,50,50,1.0,997
half,25,0.08354818902130161,,True,,,True,50,50,1.0,992
sqrt,7,0.09349627374499658,0.052921530034382915,False,0.09997791991914501,0.032879797461071454,False,50,25,0.5,992
log,3,0.42202320509153884,-0.34740635007575893,False,-0.25867126359267073,-0.2414082561246149,False,50,4,0.08,992
ten_percent,5,0.15724730117641947,-0.09312132803015648,False,-0.06225831707136548,-0.06146889990862595,False,50,15,0.3,992
original,50,0.10304425865710132,-0.18313914543559837,False,-0.162047746925668,-0.1510204081632653,False,50,49,0.98,992
half,25,0.06873782696341228,,True,,,True,50,50,1.0,999
sqrt,7,0.0943217053283239,-0.173136397158771,False,-0.21282900421540912,-0.1403868042605701,False,50,28,0.56,999
log,3,0.25271122108043104,-0.06774781673102002,False,-0.0860693310311747,-0.045420046022692,False,50,8,0.16,999
ten_percent,5,0.11273153728612403,-0.03537886601642993,False,-0.1326393474247267,-0.018832944617230334,False,50,21,0.42,999
original,50,0.06873782696341228,,True,,,True,50,50,1.0,999
half,25,0.09463550996811478,-0.11384325256807468,False,-0.10886535100168365,-0.09387755102040816,False,50,49,0.98,998
sqrt,7,0.09623764604604913,-0.10289296161389129,False,-0.0987583810722743,-0.07538255305193657,False,50,27,0.54,998
log,3,0.27126408052505924,0.05237824270526199,False,0.10541860323062399,0.031741147365397245,False,50,11,0.22,998
ten_percent,5,0.1363964246837297,0.06257723939776595,False,0.16579578928445982,0.022881526706394477,False,50,19,0.38,998
original,50,0.0771641943258137,,True,,,True,49,49,1.0,998
